APGD_Como_ppt											
1971 2019											
47.03443146	17.94817543	62.16471481	61.83093643	80.17318726	100.8789978	47.85514069	69.87786102	15.99374866	8.368580818	82.86805725	20.91988373
24.78881645	56.97723389	59.44833755	64.23883057	66.86412048	108.5488739	73.69710541	38.98545456	71.1688385	32.20214462	20.9273262	32.64842987
22.46519279	6.692156315	2.886878967	43.29613876	67.42126465	76.94045258	127.053772	45.30249786	83.78263092	46.83158875	14.75950146	52.54993057
23.71074104	55.40270233	38.11822128	44.93304443	45.56472778	86.17189026	45.99874496	65.20278931	65.30828094	33.85509872	64.12810516	4.366430759
53.27901077	19.58839989	78.68462372	74.3999939	111.6818008	63.60112381	39.07566833	81.73136902	88.4847641	43.79171753	72.6937561	13.40059948
7.985991955	8.629157066	5.035972118	46.68059921	36.6089325	23.85905647	81.36804962	81.56703186	190.2722168	205.1116791	91.05532837	27.30946922
87.86690521	67.82142639	83.40480042	85.5646286	133.7327881	63.32287216	105.5573196	168.3218079	20.64969444	93.18711853	18.81080246	25.65459824
75.61624146	65.73490143	37.5299263	68.6315918	90.41779327	86.40891266	82.25009918	53.9160881	13.59632301	54.41536331	5.340177059	45.36378479
62.77886581	37.10875702	125.1416321	57.66483688	46.96427155	66.94944	70.69110107	86.27772522	68.44150543	178.3119202	49.23110199	62.57139206
34.10309219	1.597460628	47.89552307	4.063948154	74.14753723	98.29776001	81.96365356	34.5652504	13.03477192	156.8836212	24.34094048	4.46219635
6.070109367	1.848438144	93.40209198	25.68446159	128.3653412	52.8027916	128.4360046	34.49156952	156.5041351	62.47367859	2.998064756	72.70928955
7.912428856	8.99153614	33.58132553	5.760881424	79.95517731	86.76105499	70.15600586	122.9354858	73.46496582	89.71179199	95.20956421	51.35218811
11.48104286	11.86959362	44.3813858	115.0769653	211.3653564	27.97284698	25.36089325	62.54127884	65.73609161	24.71844292	12.13973808	67.5369339
11.95554829	32.32839203	59.10721207	41.59732819	170.7927399	58.27061081	13.47734356	50.43466949	136.9382935	67.63101959	44.80524445	37.80945587
65.62606812	6.041891098	82.07291412	41.50422668	111.6083221	73.78765869	61.7620163	81.0570755	23.37890625	8.863277435	49.55706024	37.39597321
63.3007164	18.11482239	19.20323944	204.3963165	73.95387268	34.88237	44.52170944	105.7266388	32.60013199	7.312401772	21.82226944	8.206673622
14.49595642	56.85312271	18.54872322	49.27095795	64.9041214	121.1003571	148.3796234	77.89354706	53.83121872	100.8434143	37.20596695	14.04716206
58.43811417	32.61283112	24.6382618	33.44341278	107.0304413	71.93995667	59.61303711	77.54777527	52.78057098	113.0715332	5.590102196	20.024786
0.641910374	52.26968384	19.26570129	170.5621643	40.75410843	64.30345917	55.74947357	39.14927673	28.35155678	7.803407192	35.3163147	55.51673889
17.82264709	29.63469124	6.022258282	72.4054718	41.45966721	112.5794449	32.16286087	37.65458298	30.61228752	89.5783844	67.73348999	30.46917152
17.70684052	14.36438847	60.72255707	22.66883659	32.71210098	78.36981201	56.11159134	10.56408596	114.3018951	52.83745193	43.54314804	27.10430336
14.41401768	11.22432613	47.3793869	67.59203339	49.35141373	105.9737244	74.52545929	72.41351318	80.80531311	101.6628571	22.62007332	52.46232224
2.002494335	8.678431511	13.91111279	32.76764679	50.46331406	82.72657013	70.59601593	51.29046249	167.6604309	190.1519165	23.69637871	19.66545296
77.67843628	37.11992264	12.03792572	35.09610748	84.37271881	39.09614182	83.39440155	109.8003693	181.3275299	59.07679749	110.2519073	14.27977848
26.33277702	31.7803154	20.85657692	63.31338882	71.53595734	53.81762695	44.85671616	47.48049927	101.5628433	8.646857262	24.35390282	29.78199768
50.21511078	13.05239391	10.48740101	23.57892036	74.25631714	67.74750519	77.67700958	126.3731689	15.38107395	72.22371674	144.0751801	34.65660858
34.67942047	2.938291073	4.634839058	24.11777878	52.1791687	181.4585114	56.08721542	56.52077103	16.33603287	13.87244511	98.51779938	46.69100189
23.31108665	12.07560062	2.993134499	112.6624527	41.58342361	77.25064087	78.65707397	40.28211212	103.9130783	92.07965851	8.99858284	6.588158131
28.30773544	12.59221077	52.91529846	65.57781982	54.53616333	97.97978973	53.48425293	105.2612686	130.4169464	99.8890152	31.85764122	35.69412613
5.414579391	8.67756176	40.42243195	103.72892	82.53658295	37.68754578	116.8126984	79.50810242	66.12020874	166.8156586	203.584137	48.41373444
81.90542603	29.3388195	97.73353577	43.51582336	50.6804657	100.1257019	74.73148346	95.09789276	49.00093842	57.54944229	9.406188011	0.880299687
7.935650826	35.88049698	39.40008163	26.23060036	155.2628632	71.14552307	67.26961517	80.92062378	42.12439346	49.59612274	277.5508118	21.42498207
19.89289856	3.954555511	2.03152132	27.85814095	57.51436234	34.69073105	80.3874588	52.36980057	13.82908344	91.58216858	64.19636536	39.02054214
11.96867657	30.98545456	24.20174217	44.73986435	55.83660507	23.76962662	61.8476181	61.22805405	23.34872246	115.1901321	49.64795685	21.40717506
4.971551418	2.917832136	23.31163788	50.12360382	46.30276108	33.70817947	52.30703735	59.110569	58.14516449	40.35305023	20.42297554	26.39943695
15.17633629	27.42093849	33.67612076	37.69711685	39.67664337	23.48627663	70.15131378	79.17347717	56.87280655	57.5289917	22.80849838	59.97682953
29.84967804	12.14470768	25.84295082	9.402182579	71.77884674	82.5929184	56.78051376	99.93923187	51.64506531	9.422175407	55.35942078	6.069162369
51.13746262	15.1220026	26.67203712	105.7780533	93.47871399	81.77932739	125.3806915	60.02641678	84.16767883	81.03304291	98.55005646	54.47267914
36.8826828	57.35667801	45.94549561	82.46192169	20.71850204	64.98815155	82.67739105	39.4549408	48.29383087	33.23267746	73.88963318	80.02352905
15.03118896	39.73805237	36.14785385	40.73084259	136.0057983	45.15726852	37.83828354	91.06546783	83.35247803	74.10227966	98.26807404	59.28705215
24.18396378	17.33500099	28.61932373	10.64522457	54.15328217	87.12100983	91.4119339	53.2801857	93.35704803	49.21215439	51.34744263	22.3229351
24.17858696	4.49352932	22.73010063	105.5259171	55.49722672	79.9317627	66.45574951	64.82381439	78.81562042	58.25306702	106.7383652	22.04712486
20.39589882	17.38336182	41.76815414	107.1214066	111.4197769	41.55490875	48.88399124	41.84442139	46.23144913	111.6627655	52.40093613	71.19155121
100.4679489	98.39952087	36.41918564	37.09161377	35.67066574	78.04916382	110.0877533	111.4469757	27.47456741	64.07020569	189.0041962	20.8080349
45.12111664	30.61318207	12.6667881	24.26515961	83.88558197	55.01939774	37.76544952	69.32099915	107.3816833	74.26812744	0.871192873	0.346611261
27.2217617	52.71346283	33.6191597	54.30282974	95.52084351	103.4662857	74.44075775	65.42977905	22.11307907	52.28459167	75.16136932	0.406929076
5.197766304	43.38824081	29.11047935	52.06509781	58.24161911	138.092514	44.2989502	75.77601624	85.91895294	6.169027805	37.27842331	65.61989594
31.62068558	8.511084557	62.63529587	60.9979248	74.51198578	26.13108444	63.00327301	74.71769714	21.05441284	137.6830597	57.46128464	11.07862568
7.067296505	32.65614319	25.48621368	94.70309448	50.82035828	58.39548492	53.50767899	94.48498535	47.4509964	100.935524	141.5413666	60.86046982