E-OBS_precipitation_Como
1952 2023
125.3114637	113.0093136	28.28924878	32.72544797	61.48566438	80.37634533	90.27276358	87.97490945	106.0670293	124.8666738	140.9914093	138.756279
118.561292	67.8326168	27.77992789	2.976344109	23.70645364	27.86487643	83.04731559	111.9831575	135.0663122	122.1053823	149.8978577	123.6487532
87.47813954	17.03942649	22.29964256	37.84695498	53.97491264	94.31935375	135.240504	143.406456	153.1541316	125.6860275	107.3888918	63.60143407
72.30645117	72.11827978	84.02652105	51.4455185	39.66272195	40.31111113	71.41935316	118.1627248	120.3372752	109.317922	83.27311707	61.47706159
38.61505508	27.78673935	21.56702598	38.06630818	60.88423014	84.54444632	92.65412395	100.2078883	121.5673853	124.6164881	107.5870972	70.8892479
35.64767218	23.25018072	38.53656149	50.7677447	57.81469853	69.04838943	125.5283178	156.1279628	168.5251007	113.4294014	78.29032899	70.46846009
83.43297704	78.66272545	64.95519829	46.61254565	78.1752739	77.43047206	111.6967824	104.8003642	120.5526911	101.0738373	116.452329	93.32652283
113.9014308	69.11720211	51.03548303	34.03261693	55.84229469	80.047671	90.645518	101.1713231	105.6042964	76.86522992	79.45376142	92.29713251
118.8967743	103.1616491	86.67849476	76.87777964	65.80179342	70.39283244	92.60716756	130.9096781	157.5111135	204.436203	243.0817261	223.8957036
164.676712	91.32330449	70.0186437	38.52939192	57.40896067	80.54265436	116.1777776	110.4759852	84.06809869	47.29749139	48.56845697	73.26881376
87.80107116	75.70931752	47.70573553	46.97347896	67.3763466	101.2509003	105.1286787	86.83548611	63.50609334	59.40322367	51.21218618	65.29139838
68.95734915	73.36846035	47.54982185	53.53261757	66.21899986	88.34910838	120.5706202	134.076355	172.1627401	160.4512634	132.0720494	152.8738429
114.809686	104.0250982	22.46129099	47.13655727	78.58099876	89.36379371	94.32938768	82.46093369	101.9935532	76.62473553	101.586024	86.65699006
93.7566325	62.07383601	41.15878201	42.52867285	37.94874604	79.23584237	90.98853047	125.1559118	132.72509	184.7906799	141.5290321	123.0250851
59.71505197	63.91182645	61.46810341	47.53584544	78.85878562	90.06487847	115.2469584	130.9473165	152.6727651	146.0322622	153.0437317	138.1914012
139.1448059	81.71183045	56.24193605	61.86810335	92.37634787	111.3498255	98.19247563	99.17096836	106.9666659	127.1379928	113.3824386	103.2759908
70.25018312	60.98387402	60.49390412	67.6476682	89.70465977	99.41720707	131.0799281	134.2207845	147.7010701	152.0111135	127.778141	127.0014381
90.81577174	101.3645172	64.57778168	63.789608	59.00717036	91.96487553	128.0025126	140.1820831	131.6666717	111.3412221	79.2598592	82.30860594
58.29821025	89.70609854	60.87598991	85.57778168	88.78602346	98.84444682	108.0111135	105.9724045	134.2849477	121.0465978	111.4268824	109.1913986
101.7071699	104.2096799	58.60466131	76.20573424	74.29856616	105.5939077	127.4354858	133.768102	132.7749125	87.875988	61.49641736	60.33404859
58.61612638	72.05913798	59.26702626	79.50179291	104.0853068	110.8924764	134.6788635	143.6082484	134.0709686	117.9057287	87.29928081	76.25304541
53.24050395	50.51111349	41.80107753	28.43906784	34.78602219	62.37885667	111.7699	172.1286875	176.0885391	166.0641606	115.6695277	87.5301043
72.56272252	51.92437363	78.89641826	76.11398061	91.34014384	81.83189901	105.2899653	106.2885335	116.7290344	111.4523341	105.2319031	97.73225911
61.18852806	65.6240139	41.65699132	76.62150384	85.84945999	135.5394262	138.2652385	128.9136251	127.7964172	139.9157715	134.4311828	116.1738383
69.38136354	53.49211691	22.20071729	15.46559206	32.90322685	45.84767087	58.80573527	88.72329457	119.1637967	197.6835124	249.1827952	245.2444458
166.4279556	112.0025101	105.5003586	131.9279607	125.2638016	160.5792109	157.7770589	172.9867401	192.2476807	163.0777868	151.6892573	72.25089899
81.51864114	82.65053814	100.8351275	106.0233002	93.30179342	112.3734741	132.1999969	138.2279561	122.1648789	87.71828336	75.81828436	44.14265474
57.99821122	62.17168332	78.38566209	116.8293877	116.2913984	118.9580638	95.41326144	93.71362052	130.6763433	134.1824391	186.3749186	159.2885386
158.1781413	92.89713033	63.44408576	50.14193885	35.62186654	69.81935691	99.69857088	142.4566396	126.2265345	78.54301643	114.041221	109.799284
106.7860222	31.27956963	15.256272	60.55842399	70.74838765	137.7261594	115.0057284	173.0426458	127.9637985	175.6103973	137.9853058	119.0301091
86.02723534	59.44946003	60.14372539	46.75125408	37.86594963	68.17562772	88.27526763	133.904658	165.3304647	148.1519725	155.7387136	133.4419403
127.2709707	81.22652372	41.66953214	39.15914091	78.50573223	171.5254466	165.9795672	129.8168475	69.18028641	87.14695487	85.16129177	55.06846111
50.23978424	48.01505279	61.41612879	57.81111272	74.8340505	135.629748	138.5139771	121.8523286	78.04372469	114.4315446	142.3376414	124.5817299
78.53082656	81.53404873	64.92580542	89.96057003	74.8594958	130.9777756	127.6870956	131.3082428	121.555191	91.49175261	68.17024643	43.14301205
49.6344099	82.82007726	71.14373143	65.28423309	127.4645157	149.551974	162.5888901	94.13010917	108.6025085	100.0222219	75.04695319	38.20501773
29.47921244	36.43440946	59.41684786	62.38674036	75.65340677	78.78207907	132.2444484	173.9541219	177.3218663	141.7516098	126.5103989	108.7254537
86.35950533	69.74516359	66.70107332	84.52616373	68.04337056	109.0419337	125.870608	144.0713221	124.8555578	101.4168472	126.3125509	87.16559504
84.73369502	21.0802865	44.30286741	43.29032342	142.5684624	135.2491074	158.5433744	103.1734759	111.1806463	91.19462204	53.59354973	46.41863823
60.94157853	68.26953632	71.76021575	44.75232951	69.67061107	72.87312063	129.3132629	108.7215055	105.1326179	58.48100662	89.59677632	109.0200755
114.8272425	77.93369295	41.27956835	59.87634468	61.9017938	80.15699005	80.01433562	96.39175414	74.66881592	102.1899621	103.8168465	125.7336934
74.23369471	49.16129176	31.71541214	43.36344147	76.10035958	91.54086302	127.3233032	134.2641627	152.6759898	134.1480306	146.6935526	127.4670308
116.2243754	59.04229386	43.7068084	21.85555617	46.26415698	71.34659576	106.7211482	124.1476745	126.2354914	169.6426519	231.8637975	212.9336853
140.3175634	81.25341034	85.4566358	75.0136261	55.16380056	88.93369929	110.9186452	123.0749156	123.1254476	181.2548396	161.7336935	142.1150564
64.85125477	70.57455444	57.09713364	63.22831726	76.4709676	100.6279589	122.9232992	108.1311849	100.8440857	119.9146907	100.3078808	81.74192971
42.92401282	63.59820556	52.84265137	38.33727519	29.68315506	64.0598564	98.7129046	130.4921137	157.7060979	134.7727623	135.2501844	153.5344149
158.7713343	124.688179	44.43333435	30.07419332	33.18028641	58.44157791	150.9616509	174.3917567	179.520073	87.16702653	57.09319307	78.41075644
113.6863848	120.4007225	67.80287042	29.26989333	75.69211292	94.03118102	136.2723999	113.1724014	115.9405009	128.1749064	138.6752701	120.9379953
66.97491519	39.47132683	46.32759984	70.53010813	81.3333308	104.0236537	131.9025065	129.7684581	152.5240148	165.7666702	185.8017985	143.9150581
98.83835474	51.95161502	40.88387299	43.16738383	94.76989302	122.1007182	121.6645203	128.3673859	139.5594991	152.4824372	180.8874614	252.8842316
238.3949839	193.1111043	93.84229279	126.6071701	110.7942734	120.0623728	127.9756368	146.6519826	167.4681142	135.6397934	113.2078908	72.62509282
40.34229676	16.37742027	33.99318997	55.89856498	71.77168401	139.1645139	157.2157707	188.7390696	151.572403	136.7164892	111.9182816	211.4501928
201.531194	187.4100456	34.27491093	18.1222237	24.80250883	53.38315694	71.3706131	89.21721012	89.4910418	79.52365746	92.12472916	99.7279574
116.9111125	80.65233229	61.7795728	50.02975209	63.12007777	76.17670569	80.14516323	88.30035782	93.95161309	88.59390766	109.754481	97.00645193
100.7379939	52.61290487	27.82007313	22.38351282	45.61039575	74.24910609	84.20179494	83.45519765	91.58924611	99.5974884	98.81971232	70.56487528
61.56774267	44.4372762	52.66308212	51.24588013	60.71541468	68.68423208	66.72724279	82.76523461	104.8028679	122.1103948	112.8494619	73.46845944
68.73655891	62.24480375	62.35340563	52.52401288	34.8193531	68.4985682	103.1232973	131.6645177	147.8046595	122.2215068	97.92401506	69.75842158
46.82903353	63.36165047	38.57347806	52.00394313	82.13906988	127.6684634	151.2351278	163.1347656	142.2688141	141.6272405	116.0494664	142.270256
137.1892522	109.508606	89.72509258	83.2813619	113.6412175	82.61899439	90.82257971	97.18924841	111.9283168	92.57240422	57.86380132	76.16523363
91.38315583	83.27204387	59.07598749	39.6354866	46.74982198	95.97813796	108.7032254	123.7609329	119.6017939	135.4716873	145.7068151	137.4623693
124.2831548	92.83010546	48.71326002	34.44157728	28.86057345	46.78888893	79.25125566	124.8767013	122.693189	112.6465912	82.86881636	89.18853122
66.23046875	64.09175745	35.25483799	32.82974847	61.95663294	89.5322609	112.6720479	102.7681045	108.249827	109.029396	101.6136246	115.3806508
90.78423308	73.79426955	33.41684596	43.13046901	82.08423108	135.754481	132.5290311	104.6612892	72.22975031	74.37419382	112.8078893	110.8204346
121.0677465	113.7351252	141.7584178	133.4286677	105.622935	72.51469676	88.41899871	126.3390706	163.7125422	143.918635	118.8605702	162.7315368
157.8121821	145.0347646	60.63727824	62.56810379	51.38960648	76.63584264	85.78423055	92.28459167	86.66631317	112.2695363	132.0365575	94.81648443
43.40501622	20.58924703	55.66595106	77.22975032	91.68064627	104.3182805	140.6939087	144.9501851	136.7229462	91.29104614	78.92473348	68.68350982
56.11540894	38.01612699	26.92401604	45.58243751	63.83333333	68.27670161	112.400355	113.0820745	129.6372706	109.6078822	88.43942419	68.53763229
60.06595009	79.51218416	62.96702355	59.60394319	68.09068585	106.5319036	96.39032364	93.36236699	93.52437463	84.5681025	128.7810033	115.6448008
113.3455175	46.26236344	34.92365646	40.7946256	85.12150828	98.70108032	115.8526917	89.16308594	107.5559158	101.4161326	128.7921194	165.3236593
172.7046636	126.0265255	43.68315633	30.75913874	38.69533984	64.26774089	97.16810481	107.3706131	142.1792196	114.3032303	163.0842311	99.32365371
125.0347616	84.0469508	95.43297194	46.14372682	28.78888877	56.58924658	73.23404947	120.3179194	119.9455185	127.2508952	91.28387197	90.11398061
71.20717112	51.93082587	25.46200721	20.73010667	38.20143128	52.74265035	92.32472991	99.48386891	102.3903198	100.1258011	114.7390671	104.2086029
83.67025377	47.7713267	29.3451612	29.25197069	48.48494824	91.78280002	102.4555588	118.1150538	136.9236527	145.2831548	169.67025	138.6197128
=======
E-OBS_precipitation_Como
1952 2023
125.3114637	113.0093136	28.28924878	32.72544797	61.48566438	80.37634533	90.27276358	87.97490945	106.0670293	124.8666738	140.9914093	138.756279
118.561292	67.8326168	27.77992789	2.976344109	23.70645364	27.86487643	83.04731559	111.9831575	135.0663122	122.1053823	149.8978577	123.6487532
87.47813954	17.03942649	22.29964256	37.84695498	53.97491264	94.31935375	135.240504	143.406456	153.1541316	125.6860275	107.3888918	63.60143407
72.30645117	72.11827978	84.02652105	51.4455185	39.66272195	40.31111113	71.41935316	118.1627248	120.3372752	109.317922	83.27311707	61.47706159
38.61505508	27.78673935	21.56702598	38.06630818	60.88423014	84.54444632	92.65412395	100.2078883	121.5673853	124.6164881	107.5870972	70.8892479
35.64767218	23.25018072	38.53656149	50.7677447	57.81469853	69.04838943	125.5283178	156.1279628	168.5251007	113.4294014	78.29032899	70.46846009
83.43297704	78.66272545	64.95519829	46.61254565	78.1752739	77.43047206	111.6967824	104.8003642	120.5526911	101.0738373	116.452329	93.32652283
113.9014308	69.11720211	51.03548303	34.03261693	55.84229469	80.047671	90.645518	101.1713231	105.6042964	76.86522992	79.45376142	92.29713251
118.8967743	103.1616491	86.67849476	76.87777964	65.80179342	70.39283244	92.60716756	130.9096781	157.5111135	204.436203	243.0817261	223.8957036
164.676712	91.32330449	70.0186437	38.52939192	57.40896067	80.54265436	116.1777776	110.4759852	84.06809869	47.29749139	48.56845697	73.26881376
87.80107116	75.70931752	47.70573553	46.97347896	67.3763466	101.2509003	105.1286787	86.83548611	63.50609334	59.40322367	51.21218618	65.29139838
68.95734915	73.36846035	47.54982185	53.53261757	66.21899986	88.34910838	120.5706202	134.076355	172.1627401	160.4512634	132.0720494	152.8738429
114.809686	104.0250982	22.46129099	47.13655727	78.58099876	89.36379371	94.32938768	82.46093369	101.9935532	76.62473553	101.586024	86.65699006
93.7566325	62.07383601	41.15878201	42.52867285	37.94874604	79.23584237	90.98853047	125.1559118	132.72509	184.7906799	141.5290321	123.0250851
59.71505197	63.91182645	61.46810341	47.53584544	78.85878562	90.06487847	115.2469584	130.9473165	152.6727651	146.0322622	153.0437317	138.1914012
139.1448059	81.71183045	56.24193605	61.86810335	92.37634787	111.3498255	98.19247563	99.17096836	106.9666659	127.1379928	113.3824386	103.2759908
70.25018312	60.98387402	60.49390412	67.6476682	89.70465977	99.41720707	131.0799281	134.2207845	147.7010701	152.0111135	127.778141	127.0014381
90.81577174	101.3645172	64.57778168	63.789608	59.00717036	91.96487553	128.0025126	140.1820831	131.6666717	111.3412221	79.2598592	82.30860594
58.29821025	89.70609854	60.87598991	85.57778168	88.78602346	98.84444682	108.0111135	105.9724045	134.2849477	121.0465978	111.4268824	109.1913986
101.7071699	104.2096799	58.60466131	76.20573424	74.29856616	105.5939077	127.4354858	133.768102	132.7749125	87.875988	61.49641736	60.33404859
58.61612638	72.05913798	59.26702626	79.50179291	104.0853068	110.8924764	134.6788635	143.6082484	134.0709686	117.9057287	87.29928081	76.25304541
53.24050395	50.51111349	41.80107753	28.43906784	34.78602219	62.37885667	111.7699	172.1286875	176.0885391	166.0641606	115.6695277	87.5301043
72.56272252	51.92437363	78.89641826	76.11398061	91.34014384	81.83189901	105.2899653	106.2885335	116.7290344	111.4523341	105.2319031	97.73225911
61.18852806	65.6240139	41.65699132	76.62150384	85.84945999	135.5394262	138.2652385	128.9136251	127.7964172	139.9157715	134.4311828	116.1738383
69.38136354	53.49211691	22.20071729	15.46559206	32.90322685	45.84767087	58.80573527	88.72329457	119.1637967	197.6835124	249.1827952	245.2444458
166.4279556	112.0025101	105.5003586	131.9279607	125.2638016	160.5792109	157.7770589	172.9867401	192.2476807	163.0777868	151.6892573	72.25089899
81.51864114	82.65053814	100.8351275	106.0233002	93.30179342	112.3734741	132.1999969	138.2279561	122.1648789	87.71828336	75.81828436	44.14265474
57.99821122	62.17168332	78.38566209	116.8293877	116.2913984	118.9580638	95.41326144	93.71362052	130.6763433	134.1824391	186.3749186	159.2885386
158.1781413	92.89713033	63.44408576	50.14193885	35.62186654	69.81935691	99.69857088	142.4566396	126.2265345	78.54301643	114.041221	109.799284
106.7860222	31.27956963	15.256272	60.55842399	70.74838765	137.7261594	115.0057284	173.0426458	127.9637985	175.6103973	137.9853058	119.0301091
86.02723534	59.44946003	60.14372539	46.75125408	37.86594963	68.17562772	88.27526763	133.904658	165.3304647	148.1519725	155.7387136	133.4419403
127.2709707	81.22652372	41.66953214	39.15914091	78.50573223	171.5254466	165.9795672	129.8168475	69.18028641	87.14695487	85.16129177	55.06846111
50.23978424	48.01505279	61.41612879	57.81111272	74.8340505	135.629748	138.5139771	121.8523286	78.04372469	114.4315446	142.3376414	124.5817299
78.53082656	81.53404873	64.92580542	89.96057003	74.8594958	130.9777756	127.6870956	131.3082428	121.555191	91.49175261	68.17024643	43.14301205
49.6344099	82.82007726	71.14373143	65.28423309	127.4645157	149.551974	162.5888901	94.13010917	108.6025085	100.0222219	75.04695319	38.20501773
29.47921244	36.43440946	59.41684786	62.38674036	75.65340677	78.78207907	132.2444484	173.9541219	177.3218663	141.7516098	126.5103989	108.7254537
86.35950533	69.74516359	66.70107332	84.52616373	68.04337056	109.0419337	125.870608	144.0713221	124.8555578	101.4168472	126.3125509	87.16559504
84.73369502	21.0802865	44.30286741	43.29032342	142.5684624	135.2491074	158.5433744	103.1734759	111.1806463	91.19462204	53.59354973	46.41863823
60.94157853	68.26953632	71.76021575	44.75232951	69.67061107	72.87312063	129.3132629	108.7215055	105.1326179	58.48100662	89.59677632	109.0200755
114.8272425	77.93369295	41.27956835	59.87634468	61.9017938	80.15699005	80.01433562	96.39175414	74.66881592	102.1899621	103.8168465	125.7336934
74.23369471	49.16129176	31.71541214	43.36344147	76.10035958	91.54086302	127.3233032	134.2641627	152.6759898	134.1480306	146.6935526	127.4670308
116.2243754	59.04229386	43.7068084	21.85555617	46.26415698	71.34659576	106.7211482	124.1476745	126.2354914	169.6426519	231.8637975	212.9336853
140.3175634	81.25341034	85.4566358	75.0136261	55.16380056	88.93369929	110.9186452	123.0749156	123.1254476	181.2548396	161.7336935	142.1150564
64.85125477	70.57455444	57.09713364	63.22831726	76.4709676	100.6279589	122.9232992	108.1311849	100.8440857	119.9146907	100.3078808	81.74192971
42.92401282	63.59820556	52.84265137	38.33727519	29.68315506	64.0598564	98.7129046	130.4921137	157.7060979	134.7727623	135.2501844	153.5344149
158.7713343	124.688179	44.43333435	30.07419332	33.18028641	58.44157791	150.9616509	174.3917567	179.520073	87.16702653	57.09319307	78.41075644
113.6863848	120.4007225	67.80287042	29.26989333	75.69211292	94.03118102	136.2723999	113.1724014	115.9405009	128.1749064	138.6752701	120.9379953
66.97491519	39.47132683	46.32759984	70.53010813	81.3333308	104.0236537	131.9025065	129.7684581	152.5240148	165.7666702	185.8017985	143.9150581
98.83835474	51.95161502	40.88387299	43.16738383	94.76989302	122.1007182	121.6645203	128.3673859	139.5594991	152.4824372	180.8874614	252.8842316
238.3949839	193.1111043	93.84229279	126.6071701	110.7942734	120.0623728	127.9756368	146.6519826	167.4681142	135.6397934	113.2078908	72.62509282
40.34229676	16.37742027	33.99318997	55.89856498	71.77168401	139.1645139	157.2157707	188.7390696	151.572403	136.7164892	111.9182816	211.4501928
201.531194	187.4100456	34.27491093	18.1222237	24.80250883	53.38315694	71.3706131	89.21721012	89.4910418	79.52365746	92.12472916	99.7279574
116.9111125	80.65233229	61.7795728	50.02975209	63.12007777	76.17670569	80.14516323	88.30035782	93.95161309	88.59390766	109.754481	97.00645193
100.7379939	52.61290487	27.82007313	22.38351282	45.61039575	74.24910609	84.20179494	83.45519765	91.58924611	99.5974884	98.81971232	70.56487528
61.56774267	44.4372762	52.66308212	51.24588013	60.71541468	68.68423208	66.72724279	82.76523461	104.8028679	122.1103948	112.8494619	73.46845944
68.73655891	62.24480375	62.35340563	52.52401288	34.8193531	68.4985682	103.1232973	131.6645177	147.8046595	122.2215068	97.92401506	69.75842158
46.82903353	63.36165047	38.57347806	52.00394313	82.13906988	127.6684634	151.2351278	163.1347656	142.2688141	141.6272405	116.0494664	142.270256
137.1892522	109.508606	89.72509258	83.2813619	113.6412175	82.61899439	90.82257971	97.18924841	111.9283168	92.57240422	57.86380132	76.16523363
91.38315583	83.27204387	59.07598749	39.6354866	46.74982198	95.97813796	108.7032254	123.7609329	119.6017939	135.4716873	145.7068151	137.4623693
124.2831548	92.83010546	48.71326002	34.44157728	28.86057345	46.78888893	79.25125566	124.8767013	122.693189	112.6465912	82.86881636	89.18853122
66.23046875	64.09175745	35.25483799	32.82974847	61.95663294	89.5322609	112.6720479	102.7681045	108.249827	109.029396	101.6136246	115.3806508
90.78423308	73.79426955	33.41684596	43.13046901	82.08423108	135.754481	132.5290311	104.6612892	72.22975031	74.37419382	112.8078893	110.8204346
121.0677465	113.7351252	141.7584178	133.4286677	105.622935	72.51469676	88.41899871	126.3390706	163.7125422	143.918635	118.8605702	162.7315368
157.8121821	145.0347646	60.63727824	62.56810379	51.38960648	76.63584264	85.78423055	92.28459167	86.66631317	112.2695363	132.0365575	94.81648443
43.40501622	20.58924703	55.66595106	77.22975032	91.68064627	104.3182805	140.6939087	144.9501851	136.7229462	91.29104614	78.92473348	68.68350982
56.11540894	38.01612699	26.92401604	45.58243751	63.83333333	68.27670161	112.400355	113.0820745	129.6372706	109.6078822	88.43942419	68.53763229
60.06595009	79.51218416	62.96702355	59.60394319	68.09068585	106.5319036	96.39032364	93.36236699	93.52437463	84.5681025	128.7810033	115.6448008
113.3455175	46.26236344	34.92365646	40.7946256	85.12150828	98.70108032	115.8526917	89.16308594	107.5559158	101.4161326	128.7921194	165.3236593
172.7046636	126.0265255	43.68315633	30.75913874	38.69533984	64.26774089	97.16810481	107.3706131	142.1792196	114.3032303	163.0842311	99.32365371
125.0347616	84.0469508	95.43297194	46.14372682	28.78888877	56.58924658	73.23404947	120.3179194	119.9455185	127.2508952	91.28387197	90.11398061
71.20717112	51.93082587	25.46200721	20.73010667	38.20143128	52.74265035	92.32472991	99.48386891	102.3903198	100.1258011	114.7390671	104.2086029
83.67025377	47.7713267	29.3451612	29.25197069	48.48494824	91.78280002	102.4555588	118.1150538	136.9236527	145.2831548	169.67025	138.6197128
>>>>>>> d0a8ada (Using more components)
