aggregated_tn_ens_mean_0.1deg_r											
1950 2023											
269.817745113	272.378080034	275.340421104	276.935909891	283.16405906999995	287.40191211999996	290.27096214	288.37432232	284.33885039999996	280.536780262	274.475052261	270.537427092
270.661723995	271.53949084299995	272.363679612	276.64843048999995	280.760366821	284.5882019	286.72633591	286.56859627	285.45161762	278.949409866	275.994887495	270.75877799999995
267.920598888	269.874575758	274.266568565	279.33140220599995	281.85180225399995	286.52754726	289.17310943999996	287.35901203	282.428205872	278.903991604	272.878175908	270.981034422
267.266589546	268.291890526	272.550732398	278.233423138	281.997058296	283.72867718	287.15822067	286.351437	284.55792274	281.46669616699995	274.414230967	274.36704506899997
266.68000164	268.41657104499996	274.606162333	276.553904915	280.857584858	285.33156719	285.24447478999997	285.13698138999996	284.29354992	278.63218393299996	274.59393277199996	272.22130062599996
272.04950060799996	270.84907522199995	272.443421328	276.359227085	280.528758907	284.67429676	287.03072968	285.72352637999995	283.2704958	278.394523048	274.132592762	272.624195898
270.48975100499996	262.89610232999996	272.390046322	275.788939381	281.33643856	282.86120739	286.27698174	286.36914196	284.04445685999997	277.35276594199996	273.006402457	269.80661334999996
267.834028149	272.16498895899997	275.52448573099997	276.94624056799995	279.43848218899996	284.71546879	286.12761344999996	286.23925628999996	282.711681747	279.03751220699996	275.506038332	269.998835468
268.955140972	272.32798256899997	270.436340714	274.74631896	282.75754394499995	284.14541472999997	287.19030704	287.71528281999997	284.99846972999995	279.194525146	276.261871719	271.35714306799997
269.10161676399997	271.20647015599997	276.224601889	277.354726219	281.184308434	285.15733852	287.91745319	286.24951973	283.89279022	278.194657707	274.354845309	271.873654866
268.70401563599995	270.617564583	274.47475948299996	277.22460975599995	281.61569538099997	285.78916491999996	285.52491798	285.92607059	282.29181327799995	278.72273006399996	275.433980131	271.838172817
268.63778390899995	272.634681427	274.743316913	279.92972793599995	280.414242172	285.47734108	286.05135573999996	286.51203003	285.90713158	280.297351265	274.92178025199996	271.15149381199996
270.75842967	269.783089304	270.85864009899996	276.446474934	279.68610277199997	283.86374988999995	286.02246608999997	288.08705654	283.52452029999995	279.469621563	273.49848111899996	267.87023057899995
266.000815773	266.952445889	272.48748436	277.91090812699997	281.04624595599995	284.70775355999996	287.80086079	285.8651041	284.20963897999997	279.19878950099996	277.120488787	269.73790969799995
268.36325397499996	271.136674547	273.872148955	278.157995605	282.424561882	286.01817837	287.75491085	286.31060352	283.69106425999996	278.824362183	276.001064682	271.48356976499997
270.260008478	267.341848278	272.949540132	275.801232004	280.481709385	285.05131473999995	286.14597931	285.67785969	282.194565201	279.23312368399996	274.280732775	270.76205267899996
267.57510938599995	274.73625733899996	272.77852323099995	278.38692131	281.63521804799996	285.47727241999996	285.73783149999997	285.74236145	284.94561996	281.948751831	272.673960024	269.60428109199995
269.02902498199995	270.57633724199997	275.194774055	275.887978935	281.18552627599996	283.73515835	288.36798229	287.18620433999996	283.57122649999997	280.56547346099995	275.816465044	269.62744011899997
268.04926672	272.465750778	273.653156364	278.194883728	280.90961732899996	284.19481601999996	286.73498859	284.98466625	283.14583911899996	280.48271122	275.42047729499996	269.94985046399995
268.872099781	268.34980812099997	273.75383617899996	276.436159277	282.697381401	283.53959979999996	287.33088721999997	286.33665408999997	284.27025547	280.022885704	274.98843541099995	268.01686325099996
271.02143301999996	269.894969368	271.81884613	275.298682117	279.49006738699995	285.73368206	286.42801991	287.06710472	285.14705886999997	278.468273067	275.323985958	269.693526649
269.164178038	270.436578178	270.730254793	278.71493282299997	282.058542633	283.67629088999996	287.71703568	288.36584797	282.804623032	278.783017063	274.050207818	272.155609035
271.220522428	273.89243021	275.553351545	277.42276134499997	280.599452877	284.39852179999997	286.92630328999996	285.77518786999997	280.950055504	278.279827023	274.691751266	271.616316581
270.69586577399997	269.73307838399995	272.174962366	274.471470022	281.794936562	285.27536906999995	286.78698101	287.79962864	284.75692883	278.304486656	273.840506995	269.71378507599997
272.61034175199995	273.40674122599995	274.70596935699996	276.779449368	280.386999512	283.47906914	286.73302879	287.60206927999997	283.08634700799996	274.320151234	274.096159959	271.61350490999996
272.311676526	270.85861482599995	273.28053219	276.54828658099996	280.930257225	283.36010876	286.57117022999995	286.79258002999995	285.31783047	278.632000351	274.121951187	271.61892643
269.994245434	271.81515398	272.147642756	276.46249284699996	280.96011962899996	285.51707782999995	287.241609	284.74467411	281.811549568	279.989442253	274.65294136999995	270.60407438299995
270.466129208	272.623482132	275.656201506	276.18966713	280.379706287	283.77689017999995	286.21976222999996	285.47351684999995	282.19193306	280.86911668799996	274.19725313199996	270.677750254
270.24267473199995	269.713931942	274.26399984399995	276.138916636	279.992301846	283.35554351999997	285.90392341999996	285.91772593999997	283.13540592199996	278.82018890399996	273.07268090699995	271.24209203699996
267.12761487999995	271.770404243	274.051115417	275.301658058	280.33961524999995	285.48614826	286.6368288	285.67511978	283.28161086999995	280.099579716	273.39128507099997	272.066760445
268.879769707	271.241556787	273.62175708399997	274.522814655	279.722131157	283.083530807	285.15121211999997	287.55818882	284.55904998999995	278.648220444	274.13660659799996	269.13936223999997
267.038316631	268.970823193	275.15362539299997	277.89468469599996	280.279527569	284.94527664	285.54473437999997	286.70611324	284.64352931999997	279.17650260899995	273.206692392	269.388746881
270.87462820999997	269.932083988	272.19234767	276.146055603	281.004225636	285.80488052	288.45497169	286.70650234	285.42561665	278.893445396	275.82571377799997	271.980450654
271.13672699899996	267.95554103899997	273.935563469	277.201065445	280.23714818999997	284.71423663999997	289.42334403999996	286.73138943	283.88280715999997	279.252415085	273.496136004	270.17840137499996
268.93356790499996	268.85537996299996	271.68093171099997	275.767896557	278.69698085799996	283.56887379	286.46602858999995	285.98415603999996	281.93972625699996	279.667714977	275.917642975	272.047507787
265.444149876	269.88460674299995	272.693354005	276.33618392899996	280.71594419499996	283.74700679999995	288.29601898	286.59556618	285.06371631999997	280.175168896	272.877930844	273.07631272199995
268.877529049	268.10575046499997	273.09071835699996	276.98488154399996	283.39453545	284.65450325	286.60175361999995	286.96030083	283.90357532999997	279.85313549	275.25226893399997	270.225568438
267.75205030399997	270.75284566899995	270.172339821	277.159994984	279.231968307	283.60936775	287.99380245	287.24377766	286.65185679999996	280.816426182	275.21809783	272.982947642
272.58142545199996	270.496832037	272.82253857899997	278.00069370299997	282.36879768399996	284.12506141999995	288.07768574	287.58698024999995	283.63082161	281.82053890199995	272.187527919	271.392639542
270.473394537	272.769840235	275.685697222	276.92276015299996	281.768719101	283.96288146999996	287.64669647	287.17675055999996	283.57302418	278.888523483	274.21946861699996	271.57924094199996
269.830038452	273.638532066	275.39345397899996	276.63426556599995	282.721083069	284.95560969999997	287.55967751	287.47710743	283.68557204999996	281.41541995999995	273.83471962199997	268.67214098
270.206257725	267.812610054	276.66068449	275.67043914799996	278.706240559	284.31935920999996	288.60347594999996	288.6974596	285.84232559	278.90782156	274.026203239	269.474974537
270.579130793	271.570094252	274.11870774	277.281031036	282.826027298	284.19300784999996	287.62573756999996	289.15839043	284.01195373999997	278.57300033599995	276.12572541199995	272.186373615
271.39258565899996	270.21986594199996	272.970481852	277.69509258299996	282.709062004	286.12510052	286.40159359	288.25117911999996	283.31832161	279.723377132	274.17798259299997	271.777172947
272.04080703299996	270.883688593	276.875347519	276.68266263	282.42101039899995	285.20839538999996	289.43591919	288.83827534	284.00953522	279.370575333	278.304782295	273.394449928
269.073959255	273.09405516199996	272.270187879	277.66516962099996	281.677356148	283.86230888	289.36773719999997	286.81482352999996	282.15943279299995	281.338757896	274.4470227	272.237192893
272.18388744599997	269.72543039299995	273.02368039799995	278.202623272	281.871701622	285.95187035	286.83056010999996	286.86544075	281.69677486399996	280.078595543	275.768467569	272.358964944
271.98300387899997	272.484131479	275.56792011299996	275.92450323099996	281.892905617	285.17417278	286.60031738	287.86070479999995	284.99758471999996	279.789808655	275.48181405099996	272.238712454
271.370372677	273.03875564199996	273.419099891	277.046864653	282.123506927	286.03780688999996	288.12018050999995	288.36598433999995	283.50128784	279.437016869	272.454664612	270.521931076
271.006589794	269.18601121899997	274.44611074899996	277.68331708899996	283.75076236999996	285.02102032	287.90173663999997	288.06064358	285.31577720999996	280.32226982099996	273.869326556	270.21599092499997
269.234393024	272.165892386	274.58116593399996	278.467967892	283.77184524999996	286.39867248999997	285.59491482	287.90169849	284.29562511	281.00650110199996	275.37010731699996	273.436414385
271.45864620199995	272.02159299899995	276.323188686	276.52418961499995	283.58934726999996	284.41647949	287.43916358999996	288.43837872	281.16401519799996	282.31812419899995	274.085525954	268.62253990199997
269.197379732	273.13313554399997	275.326630735	277.67323913599995	281.88507213599996	287.21357479	287.31735935	286.94480742999997	283.36924686	279.89058580399995	277.32802619899996	273.661355877
270.42780890499995	268.154315376	274.644596004	277.232518578	283.4532074	289.34087982	289.10763397	290.84691086	283.67494335	278.106407547	276.68171372399996	272.501700187
270.43839778899996	271.737037683	273.82464351699997	277.901075268	280.827922249	286.07111588	287.66890372999995	287.92995396	284.58509293	282.25254859899997	275.53649487499996	272.606306219
269.866127872	268.51747789399997	273.76756092299996	277.708207035	283.002762222	287.07324162	288.11407699999995	286.32948818	285.10077323999997	280.891796017	275.044435406	269.640187407
268.963641548	270.570271635	273.012662569	278.328240776	282.179932022	285.84625187	289.72480049	285.53961601	285.66438617999995	281.83518734	276.721356297	273.661867702
273.731137657	273.680094087	275.44461455299995	280.695052052	283.077854538	286.13097419999997	287.3146471	286.78371468	282.74208011599995	279.38886728299997	274.13039746299995	271.360986257
272.82560175099997	272.457349026	274.525486135	277.448027992	282.776878738	286.41652240999997	287.55435122999995	287.63907757	283.32482281	281.131240273	275.683460379	271.8532125
269.880020523	270.769152069	274.471398854	279.40590086	283.85736217	285.95895519	288.08079281	289.21620788999996	285.22377624999996	279.56299867599995	276.91310753799996	270.606571102
269.34562101399996	270.96195902799997	273.795600498	278.029192352	281.719220543	286.22508373	289.32407035999995	286.97069969	283.29741039	278.84766044599996	275.845850611	269.847185993
271.04522099499997	272.676469231	275.042410755	280.199965858	282.911968613	286.24080218999995	286.62546290999995	288.37912312	286.28050842	279.204137707	276.183005714	272.159637594
270.617832327	267.79913606599996	276.61734023099996	277.86227741199997	282.00595512399997	287.16698971	288.36174811999996	289.16127243	284.55524577999995	280.772029305	277.038860941	270.596327209
271.50281681999996	269.469430113	273.46678071599996	278.91407480199996	280.590224171	285.11693611	288.72251166999996	287.67721976999997	284.52575435999995	281.92759265899997	275.91625275599995	272.91195384599996
273.24770497699996	273.71865108	275.89180698399997	279.343979263	281.20727100399995	285.94849911	286.72341861999996	286.65137424	284.54890099	281.88174571999997	278.64697494499995	273.83739152
271.509871387	271.37276484999995	275.15534462899996	278.141430283	282.910679245	286.55981959999997	290.64293137	288.12993087999996	283.56776943	279.90901937499996	276.23549547199997	274.112501764
271.28062036	273.53702458099997	274.23738732299995	278.898024464	281.190660858	285.49589290999995	288.21625079999995	287.23010387	285.32480849999996	279.16449537299997	275.64738764799995	272.750517362
268.46483268699996	273.40514957299996	276.552262688	277.82564964299996	282.17232265499996	287.47392311	287.96172276	288.67130222	282.568553352	280.12474527399996	274.69363381899996	269.90049257299995
272.717503303	269.477726841	273.250942522	279.631302738	283.07506218	286.25927199999995	288.48090019	288.61287918	285.35263195	281.390887642	277.396648788	271.677827263
269.22006454499996	271.991885805	274.186392331	277.743343258	279.80597391099997	287.36223927	289.45201912	289.19525566	285.20784892999995	282.082796478	276.622700834	273.44367574999995
271.380551004	273.19538343799996	274.399974251	277.992929363	282.575748825	285.05395164	287.82128180999996	288.35775508999996	284.65502682	278.914670372	276.437127256	272.595124269
269.83781995799995	273.476051474	273.309458444	276.064340496	280.142859364	286.79820671	287.77738990999995	287.11865463	285.09541168	279.105302238	275.86557569499996	271.62622013099997
270.88818707499996	272.113568568	273.25690926799996	276.739852333	284.04012241	287.71550503	289.73039093	288.70066681	284.16483631	282.926530266	276.249026442	273.31494596
272.13404395599997	272.092185283	275.410594368	276.94739952099997	282.60491981499996	286.81581535	288.95010033	288.62907829	286.01764145	282.84176578499995	274.905839825	273.81764581199997
272.011608744	275.31888594599997	276.306679392	278.221508408	282.14643516499996	286.02826919999995	289.65279236	290.21829262	284.57556667	282.63449230199996	275.12109282	272.05180075199996
