tg_ens_mean_0.1deg_reg_v31.0e											
1950 2024											
272.649373198	276.02413215599995	280.03432359699997	281.140512371	287.92792262999996	292.71611823999996	295.59293976	293.23195496	288.79161109999995	284.1308054	277.73048438999996	272.99794782099997
274.566451454	275.381773615	276.91875615099997	281.804787064	285.33754768	290.38168944999995	292.47057571	292.07082596	290.32016219999997	283.10101356499996	279.757716084	274.74675764999995
272.19924655	273.147306851	278.325327778	284.22598972	287.24651756	292.27002754	295.08800926	292.8670105	286.77181282	282.682546043	276.460751438	273.63314625
271.258980894	273.447610968	279.177853489	283.54226055	288.1919445	288.6778759	292.84725799999995	292.19549788999996	289.53801575	285.14957466	278.65177192699997	277.309217834
270.88796963699997	272.85003059499996	279.116965199	281.37395133999996	285.62315693	290.52285423	290.83164634999997	290.41672934999997	289.45467986999995	283.50108566	278.69753685	275.52711644199996
275.589406157	274.736972952	276.857540751	282.764412308	286.20103493	289.93814887999997	292.45047035	291.04715767	288.42478789999996	283.17229499999996	277.762630844	275.64592423399995
273.769598567	267.95826425599995	277.284739399	280.33926096	287.12483253	288.32793465	292.10680808999996	291.98098792999997	289.31543961	282.451829338	276.65813031199997	273.362220177
272.96434308	276.440784836	280.57580366099995	282.143772507	284.13793602	289.84004821999997	292.43043938	291.36476364	288.20755138	283.92501677999996	279.37006988499996	273.724680328
272.875904077	276.71503462799996	275.441095734	279.56405725499997	288.21016254	289.08997668999996	292.33904113999995	292.67188682999995	289.91909827999996	283.56759586	279.478465939	274.754579091
273.200774518	276.33027043299995	280.324680233	282.23520317099997	286.07858696	290.25879898	293.46956481999996	291.3233284	288.57169285	282.89750518799997	277.88297643699997	275.165245438
272.559947574	274.37705638399996	278.53751220699996	282.16974010499996	287.04436245	290.69509163	290.35976447999997	290.7653698	286.72049274	282.471315765	278.81507387199997	274.709046984
272.208623195	277.22089185699997	280.25042953499997	284.33969249999996	285.26004733999997	290.19958725	290.82379761	291.73850669999996	290.83390082999995	283.95071830999996	277.82196893699995	274.324628735
274.000130498	274.12421371899995	274.82234242	281.109474564	284.73062934999996	288.85265483999996	291.29208030999996	293.26285781999997	288.17352904999996	283.72698821999995	276.882380152	271.89970650699996
269.60118927999997	271.09290328	276.898621225	282.22059955599997	285.81721820999996	289.07856692999997	292.60823288	290.44020119	288.17358722999995	283.5904726	280.22626581199995	272.865321243
272.25442632399995	275.287769461	277.432212257	282.705094719	287.47104683	291.08043518	292.77779426999996	291.14650192	288.62620963999996	282.355541611	278.999925041	274.254891896
273.37719015199997	272.203187191	277.17675008799995	280.73355522199995	285.49780216	289.82989348999996	291.13837471	290.43525733999996	286.2370266	283.62219086	277.486184978	274.473627353
271.359774971	278.16262807799995	278.000423813	283.147146606	286.80594769	290.85269202999996	290.68360557999995	290.38530005999996	289.43642273	285.11638202999995	275.749782944	273.42346769
272.659547263	274.60888614699996	279.88352765999997	281.16362514499997	286.09886208	288.86360683	293.59631195	291.76600112999995	287.90627613	285.14717902999996	279.166987801	273.495584393
272.39277621499997	275.659009838	278.83033456799996	283.044400597	285.25416985	288.90431156	291.65617598999995	289.54215087999995	287.55375899999996	284.78402747999996	278.64437236799995	272.920660371
272.93804235199997	272.180680835	277.797740364	281.35763588	287.49445477	288.53917542	292.42776526999995	291.17011107999997	288.83751430999996	285.33028736	278.754877472	271.765184903
274.293437624	274.39670255199997	276.10847344399997	280.401466751	284.58997288	290.56595649999997	291.98433342	291.70622101	289.97003212	283.40252151	279.36539163599997	273.115147913
272.713203245	275.012697244	274.924871469	283.142798805	286.60731831	288.53684176999997	293.2645649	293.8017868	288.0240778	284.15593566999996	277.70583763099995	275.53962173499997
274.05086442199996	276.866144085	279.87916793799997	281.80376186399997	285.52628365	289.10934390999995	291.83513869999996	290.96640625	285.22735157	282.614817047	278.660013103	274.74034764799995
274.02632060099995	274.29094483899996	277.38443794299997	279.49298372299995	286.52720775999995	290.34518089	291.73661461	292.90091934	289.43289223	282.96031703899996	277.99078693399997	273.643632585
275.90421142599996	276.781157637	278.664306068	281.37909831999997	285.41707744999997	288.66392745999997	292.2273735	292.97060051	287.85883845999996	278.739068413	277.533552074	275.70231857299996
275.744036818	275.578575039	277.31116857499995	281.90996112799996	285.89418354	288.62730923	292.65586891	291.89957466	289.7230896	282.92089595799996	277.30835714299997	274.60304822899997
274.049395943	275.78557243299997	276.91882839199997	281.490343475	286.89624157	291.29444542	292.57284011999997	289.67791786	286.11162414999995	283.63281956	277.839397335	273.769119585
273.65501882999996	276.560164833	280.23502864799997	281.261721992	284.87091389	288.74018229999996	291.36529579	290.02514877	287.07727946999995	284.66500893	277.87782421099996	274.317387962
273.94219764499996	273.48578291499996	278.63263931299997	280.07101097099996	284.36568488999995	288.64712371999997	291.13883438	291.10621109	288.76412716	283.64247931999995	277.405640507	274.59281792599995
271.382742667	275.34434094399995	278.307376766	279.91507949799995	286.00104369999997	290.56806983999996	291.74444045999996	290.71968307	287.95855751	283.49185219	277.091403627	275.35439886999995
272.280562961	275.70729723	277.68741121299996	279.73353853199995	283.85803641999996	288.07861462	290.21806374	292.56209029999997	289.37800636	282.73860301999997	277.159170055	273.104011712
272.01219418	273.677223289	279.64842023799997	282.702900314	285.07528342999996	290.03690376	290.56538238999997	291.83800354	288.53305092	283.042011642	277.439509773	273.19408186299995
274.30845882899996	274.020994687	276.830976152	281.19963970199996	286.13544501999996	290.74132384999996	293.42618598999996	291.14558258	289.75586357	282.54371871899997	278.67894782999997	275.06591560799995
275.176195049	272.09051146499996	278.49888982799996	281.32500019099996	284.41846981	289.67410698	294.78113593999996	291.44284859	288.72615662	283.75302544	277.713211441	274.06714078199997
272.888795727	272.79747780599996	276.047254944	280.551259422	282.38991394	288.57426395	292.20568885999995	290.5264286	286.51968898999996	283.54470863	279.051880264	274.979298735
268.98118724799997	273.962512398	276.38723268499996	281.318241501	285.01752223999995	288.52735652999996	293.42142715	291.87644043	290.03946152	284.49078884	275.75561871499997	275.90086045299995
272.631532931	271.41023590599997	277.434685135	280.52984609599997	288.22747841	289.63963928	291.72038497999995	291.99547423999996	288.68622531999995	284.65838375	278.673929119	274.09006681399995
271.707372332	274.52761867	275.13654508599996	282.031942749	284.23575438999995	288.51895561	292.5939621	292.07728806	291.09812202	284.04084435	278.66527261699997	275.95147624
275.53326024999996	275.196888113	277.75590171799996	282.48621978799997	286.74324455	288.7034687	293.01990737999995	292.80136337	288.49742451	285.50038662	276.394005919	275.11911346899996
274.696203494	277.324439907	280.96573438599995	281.075482273	286.9722599	289.0984272	292.61528434999997	292.18751944999997	287.9020647	283.71330394999995	277.642757797	275.293813372
274.09310087	278.384737396	280.62220754599997	280.90549173399995	287.70758858	289.8308548	293.03405037	292.58129729999996	288.3586544	284.88339367	277.586204433	272.51105269199996
273.920983338	272.43592026199997	280.55041399	280.50341691999995	283.60913505999997	289.24567261	294.27365532	294.02446784999995	290.34493865999997	282.48691215499997	277.537165546	273.43925532099996
273.866880262	275.49137034399996	278.748719597	281.722777748	287.74493542	288.43298092	292.55716934	294.18216743	288.50449027999997	281.860348129	279.53216400099996	275.095320845
275.051468754	274.855997825	277.69854345299996	281.96139850599997	287.45148982999996	290.95467986999995	291.25691832999996	293.14137115	287.10171737999997	282.92008056599997	277.056502724	275.00845076999997
275.24137296699996	274.290905738	281.674579048	280.89217033399996	286.5748476	289.91093101999996	294.05618515	293.49900092999997	287.58745612999996	282.82782402	280.86770620299995	276.13192501099996
272.764979923	276.71565547	276.979628468	282.203688049	286.19847336	288.29853287	293.85872307	291.12002028999996	286.21944465999997	285.26618519	277.888276958	274.70172002299995
274.771106982	273.400863045	277.136740828	282.636228943	286.48617878	290.90679969999997	291.44759216	291.03717460999997	285.67686404999995	283.48683681	278.867991352	275.06255796
274.95965673899997	276.69136467	281.19722309099996	281.26953353899995	286.93840923	289.48628082	291.76448288	292.63624038999995	289.97430649	283.9091362	278.340823555	274.895676756
274.67847087399997	277.927256489	278.904258633	281.28999175999996	287.08802166	291.18376006999995	293.50310555	293.5652565	287.77156677	283.17410507	276.06576576199996	273.63310029499996
274.44707252999996	274.02814646999997	278.94745435699997	282.215169334	288.32215347	290.21263541999997	293.14855614	292.37891234999995	289.49493828	283.87116183999996	277.03640665999995	273.49930854999997
273.16961740899995	276.474393272	279.507273102	282.509777451	288.4431757	291.72551955999995	291.08474006999995	292.91290512	288.96359099999995	283.86191501999997	277.957718754	275.853217983
274.22671976099997	276.330033684	280.28215780299996	281.466235542	288.25894870999997	290.37669983	292.86329116999997	293.78158988999996	285.75679054	286.05449429	277.62744226499996	272.390699828
273.335273811	276.90101566299995	280.466813469	282.055248642	286.35965957999997	292.37403525999997	292.11760941	291.45237197999995	287.28905620999996	283.75358523999995	280.03628912	276.014548206
273.79787781199997	272.52933057499996	279.918970013	281.90208377799996	288.8128809	294.88332786999996	294.53951111	296.30683937	288.42358532	281.60581913	279.177932167	275.43071093599997
273.481469774	275.362351322	277.779067421	282.135395432	285.55754414	291.43526688	292.87393036	292.83091011	289.28116454999997	285.10970820999995	278.826319122	275.639795446
273.42929174899996	272.494643354	278.348433399	281.81290950799996	288.01234951	292.16336098	293.24736442999995	291.02730598	288.90187397	283.88181438	277.63621129999996	272.66690202999996
272.13061502	274.000674868	277.37021961199997	283.045001411	287.19444598999996	291.68451538	295.29266395999997	290.40785065	290.09989013999996	285.575313	280.17275466899997	276.482173824
277.012998962	277.535861874	279.83223094899995	286.08164063	288.15983047	290.89260139	293.49011269	291.73043098	287.71619929999997	283.43893756999995	277.77007856399996	274.33158924599996
275.71670808799996	276.48593845399995	279.04717292799995	281.770630264	287.13633766	290.96719588999997	292.83101882999995	293.03458443	287.62637271999995	284.85764445999996	278.44902505899995	274.384620333
272.66097807299997	274.623650217	279.07425107999995	283.25914326	289.34591903999996	291.23444214	293.50632133	294.35994759	289.66277733	283.56308212	279.549500847	273.484580392
271.92697813499996	274.11889471999996	277.645632648	282.79343261699995	285.95927752999995	290.86883774	294.65088691999995	291.74374618999997	287.69523945	282.28123893699996	278.360417747	272.531537557
273.67923697199996	276.28626956899996	279.06482114799996	285.43837585	288.66563549	290.71422423999996	291.62351264999995	294.01135674	291.07444419999996	283.73513450999997	279.04511346799995	275.43771925
274.07306155	272.243233526	281.97966232299996	281.84563961	287.02438487999996	292.40416565	293.9388279	294.83263245	288.88263644999995	284.33372916999997	279.87449922599995	273.58238094399996
274.486782336	272.973630765	276.944704437	282.943809891	285.04690017999997	290.48718109	294.19426765	292.99752845999996	289.227528	284.76900043	278.93831148099997	275.901227379
275.82111206099995	276.678379917	280.555563831	284.08829632	286.46810665	291.21879043999996	291.41752852999997	291.02349318999995	288.86281052	285.49881687	281.11850252199997	276.490749979
275.252042437	274.91073837299996	279.61145725299997	283.5777544	287.96092261999996	291.93767013999997	296.4863266	293.25885619999997	287.96220436	283.35545769	280.143849754	277.066153431
274.648925805	277.09152236	278.73409833899996	283.67516459999996	286.01503886999996	290.53704490999996	294.00865210999996	292.84862555999996	290.28805007999995	282.92279090899996	278.66188087499995	276.03667130499997
272.27712049499996	276.9245471	281.653891945	283.47416344	287.69342079	293.26933326999995	293.94908370999997	294.49498977999997	287.15220299	285.05153313	278.08146562599995	273.515864933
276.152787113	273.00628254699996	276.98281135599996	284.66256466	287.58515873	291.71064034	294.06740799	293.99677505	290.50637283	285.49117699	279.826523685	275.352762365
273.29113065599995	277.13203349099996	280.128187561	282.15421810199996	284.24764670999997	293.35115471	294.75848808	294.11295929	289.82092896	285.85643997	279.18113985099995	276.834715509
275.334191465	278.30604209899997	278.931172276	283.91859187999995	287.82229079999996	290.13974991	293.47235527	293.61533011999995	289.55146064999997	282.71893825499996	279.99321308099996	275.10641946799996
273.17334019199996	277.477371597	278.894064331	280.97538080199996	285.34364643	292.53315391999996	293.26044120999995	292.70406951999996	290.05925406999995	283.32573451999997	278.943745041	275.18600239799997
275.09413626199995	277.229389572	278.402177238	282.290707016	289.26993598999996	293.67829742	296.05185738	294.21920051999996	288.87383595	287.23695316	279.856493378	275.99807539
275.38618507399997	276.822492981	280.44583167999997	282.183668518	286.85337771999997	291.90842284999997	294.55821266	294.13512076999996	290.94270744	286.97037353999997	278.90398159	277.357910538
275.593236113	279.10033454899997	280.208564663	283.083504105	286.43139496	290.85994759	294.96016541	295.50141944999996	288.46799603	285.46982517	278.90543642	275.641368532
