LakeComoInflows											
1950	2023										
1739.8	1989.8	2014.4	4072.6	8178.6	9045.8	5644.2	6111.8	4844.6	2753.4	3362.6	3150.8
3255.4	5239.6	4435.8	5499.4	10508.8	15153	11550.8	10614.2	4901.4	4176	12498.6	3557
2300.8	1750.4	1759.4	6076	7693	7434.4	6376	5468	6947.4	7297.8	3553.2	2556.8
1861.8	1399.6	1574	2443.6	3082	4767.6	6965.4	4497	5094.4	11698.6	4476.4	2213.2
1730	1726	2249.4	3256.8	6164	10658.2	7101.2	6904.2	6234.8	2858.6	2209	4571.8
2296.2	2137.4	2383.6	2677.2	5452.2	8707.8	6903.4	3768.6	3821.4	3832.8	2442.2	1917.8
1671.4	1199.2	2609.2	4839.2	5379.4	6294.8	7738	6225.8	7255.4	3709	2366.4	1813.4
2015.6	1962.4	2249	2557	3886	11561.8	7083.6	6373.4	2869.2	2758.6	5644.8	3705.2
2179.8	2305	1940.2	3653.2	7683.8	7075.2	7331.6	6600.2	4386.2	7731.4	2817	3852.4
2509	2040.6	3797.2	4531.6	5511.4	6502.6	5234.2	4126.2	2406.2	4130.2	4827.4	4717.8
3339.4	3172	3556.6	3949.6	8333.2	10961.4	8927.2	8746.4	12647.2	14879.6	8934	5428.6
3718.8	3170.6	3343.8	5061	5606.4	10591	7408.2	4145.8	2802.8	3250.8	3903	2886
2982.2	1916	2335.6	4082.4	5039.4	7420.4	4679.2	3872.6	2348.6	2064.4	2595.8	1793.6
1936.6	1440	1920.4	3811.2	5368.4	9761.6	7447.6	8357.6	8483.8	4001	12255.2	4680.6
3224.2	2596.2	3398.2	5179.8	6019.8	7933.4	4425	3777	2871.8	3344.8	2599.8	2636.4
2255.4	1938.8	2794	2293	3799	6028.2	5386.8	5356.4	14392.2	7384.2	3341	2713
2261.6	3017.6	2587.8	4424	6815.8	5683.6	6440.6	5191.6	3892.8	8066.8	7593	3610.8
2780.2	2568	4326.6	4653.6	7313.6	6613.8	7008.4	5964.8	5570.8	4449.4	5699	3090.6
2344.2	3132.6	2866.2	5202.2	8779.4	8747.8	7255.2	4940.8	8137.2	3863.6	7636.4	3190.8
2948.4	2689.4	3599.4	3296.6	7446	6876.2	5453.6	3875.2	3889.6	2449.2	4103	2513.4
3115.6	2457.2	2712.6	3957.6	5578.4	7241.8	4726.2	4731.8	5235.2	2886.4	3911.2	2895.6
2849.8	2731.2	3768	4781.2	8609.2	8918.8	6862.6	4517.4	3029.4	2273.2	2754.4	2271.6
2296.4	2878	4025.2	4797.4	5387.6	9467.2	7189	3853.8	4585	2903.6	2256.2	2552
2479.6	1974.4	1864.8	2113.4	5087.6	5681.8	8171	3541.6	3697.6	4940.6	2608	2648
2576.8	3394.8	3386.6	3923.6	4997	6044	5089.8	3640.6	3701.4	3071.4	3460.6	2359.8
2770	2602.6	3394.2	5617.2	9027	9240	6963.2	5257.8	6662.6	3942.2	3547.2	3047.2
2489	2370	2317	2523.4	3452.8	2852.8	3459.2	3157.4	10144.8	15698.8	8370.8	3532.2
3961.6	4227	6308.4	6300.2	14001	11642.4	11439.8	13608.8	7179.4	7723.2	3422.2	2920.8
3539.2	3339.2	4779.6	4311	8202.4	9789.6	9317	5856	2764	2967	2254.4	2242.4
2560.6	2542.8	5015.2	4107.8	7192.6	9359.8	6010.8	6414.6	4790.6	12176.6	4520.4	3600.4
3209	2940.6	3709	2897.4	4708.2	7640.6	8549.2	4347.6	2878.8	5492.2	3145.4	2458.8
2254.5	1966.6	3235.9	3918.7	6755.8	6806.5	9016.9	4164.9	8199.6	5383.8	3310.5	2810.7
2923.7	2427.4	2626.2	2826.1	5544.9	6785.7	4314.3	5801.6	7477.2	5848.7	6210.6	4140.3
2845.3	2384	3197.4	4985.1	15490.7	9477.2	7373.2	4071.8	5521.7	2830.3	2324.1	2263.6
2060.1	2055.6	2590.5	3613	9119.8	9681.7	5609.3	3107.2	5525.9	6355.1	3613.1	2965.7
2951.4	2922.6	4443.5	5052.6	9696.1	8891.3	7317.3	7499.9	3839.6	2578.7	2284.3	2062.9
2206.3	2286.9	2766.6	10292	14769.3	8550.3	6064.4	6635.5	4271.3	2363.2	2081.7	1879.1
1702.1	2278	2340.2	3870.8	4830.5	10122.5	14096.3	7058.4	5305.2	9633.2	3829	3044.8
3246.8	3049.7	2676.4	3426.7	8746.3	7844.1	6702.8	5066.7	4757.6	8466	2955.9	2393.7
2001.5	2300.8	2690.9	8356.9	7843.9	7041.4	6143.8	3449	2274.9	1767.8	2265.7	2944.5
2075.2	1927.6	2063.2	3116.2	4761.8	7968.6	5535.4	3034.7	1994.9	3996.7	3862.2	2963.1
2584.1	2063.6	4407.5	3756.2	4101.4	8538.2	6278.4	3318.9	5494.6	6473.8	3152.7	2127.9
2174.2	2031.8	2386.2	4875	6369.8	8905.7	8189.3	4517.9	6586	7287.2	3343.9	3780.8
2366.9	2184.7	2399.2	2378.5	4205.1	6713.1	5494.4	3157.4	9302.4	19691.2	5549.1	3003.2
4967.9	3075.4	4122.6	3488.5	8187.4	6757.4	5743.4	4103.9	9610.6	4192.4	5531.1	2597.9
2422	2483.3	2484.4	3781.7	5888.9	6262.8	5678.8	3055.9	5073.9	2939.3	2144.1	2116.6
3497.2	2277.3	2037.1	2200	6342	5972.4	6617.6	6177.5	3536.6	4304.8	8974.1	3783
3442.7	2351.3	2506	2325.9	4796.7	12180.9	8809.2	4913	3639.8	2399	4763.7	3378.5
2841.6	2226.6	2277	5783.8	6631.3	8746.4	6421.6	3871.8	5669.6	7371.2	2829.6	2105.2
2116.5	1674.2	2699.7	4046.1	7509.9	7490.8	5128.9	5536.1	8322.3	10717.9	5144.8	2998.7
2248.1	1919.5	2064.4	5348.6	9119.7	6013.4	6842.6	5613.1	3840	12039.3	15486	6651.3
5801.6	3989.7	5941.9	4343.5	10631.4	12955.6	10136.5	7667.6	4194.7	5022.1	2796	1981.7
1844.4	2031.7	2450.2	1969.6	9804	7203	5340.4	4127.4	3668.8	3248.7	15408.1	5763.7
3165.8	2364.7	2511.8	2373.6	6054.8	5811.1	4848.3	3274.3	1984.7	2704.7	3798.9	2958.2
2398.4	2411.8	2832.7	2993	6141	5488.7	5462.2	3605.4	2494.4	4531.2	5356.6	2767.1
2303.2	1919.3	2133.1	2699.3	3741.8	3435.2	3457.9	2597.6	2936.1	2723.5	1931	1546.2
1609.8	2029.8	2250.6	3002.2	4438.1	4068.9	4900	4278.1	3017.2	3977	2354.3	3815.4
2286.2	2130.8	2235.7	2194.7	3611.9	6782	5811.2	4823.3	3061.1	2350.3	2244.4	1595.4
2636.4	2065.8	2203.1	4062.7	9196.9	9401.1	11736.5	5486.6	6724.4	4073.8	7984.6	4695.7
3495.6	3853.5	3118.5	6017.2	8031.6	8308.4	6994.7	4834.4	3614.1	2907.6	3255.6	4153.1
3367.1	2886.8	2904.8	4137	11413.3	8277.6	5922.1	5516.1	5305.4	5011.2	7832	4674.8
4086.1	2874.1	2881.9	3602.1	5261.1	7077.9	7188.5	5178.6	6100.5	4256.7	6002.1	3142.7
2384.8	1743.5	1967.6	4152.3	6984.8	7536.9	5865.3	3857.6	4498.2	4729.4	7171.1	3908.2
2820.2	2228	3006.5	6798.2	10220.9	7447.1	5568.4	3972.2	3387.7	5802.6	5405.3	5002.5
5482.9	5838.7	5166.2	5896.7	7499.9	8817.4	10004.6	9926.3	4486.3	5589	12975.7	5201.7
4217.6	3345.2	2783.2	2784.8	7096.4	6216.7	5070.1	4614.5	6409.7	5700	3149.2	1803.3
1918.8	2636.4	2710.3	4312.7	6091	10188.7	6629.7	6053.8	3407.5	3105.6	4846.3	3269
2173.6	1929	2448.8	3077.6	5865.2	8576.8	5950.9	4914.6	6396.2	2819.1	2329.5	2472.5
2995.8	2283.7	3256.4	6199.8	8125.6	6482.4	4765.8	4468	3078.6	5456.5	6978.8	3047.2
2361.6	1870.3	1911.4	4445.5	4654.2	8536.8	5594.6	6031.8	3891.8	6209.3	8762	6501.4
3686.1	2379.1	2597.2	3404.8	6883.2	8473.7	5047.1	6168.4	5859.4	10530.4	4323.3	4553.7
3838.1	3695.1	2802.5	2793.9	6096.8	6555.4	7252	8802.6	3807.4	5172.2	4201.8	2546.4
2300.7	1449.2	1282.8	1603.3	3295.1	4220.2	3626.1	2031.7	2395.9	4332.1	3388.2	2552
1980.4	1472.3	1554.4	1948.7	4664.8	5340.4	5036.8	4781.3	6430.1	9736.2	8518.1	5243.4