NINO 3.4											
1948	2025										
-99.99	-99.99	-99.99	-99.99	-99.99	-99.99	-99.99	-99.99	-99.99	-99.99	-99.99	-99.99
-99.99	-99.99	-99.99	-99.99	-99.99	-99.99	-99.99	-99.99	-99.99	-99.99	-99.99	-99.99
-1.99	-1.69	-1.42	-1.54	-1.75	-1.27	-1.01	-0.97	-0.98	-1.03	-1.23	-1.31
-1.3	-1.04	-0.38	-0.23	-0.01	0	0.3	0.17	0.51	0.49	0.55	0.31
0.13	-0.01	-0.11	-0.02	-0.14	-0.54	-0.76	-0.56	-0.36	-0.46	-0.78	-0.39
0.2	0.24	0.29	0.22	0.35	0.39	0.14	0.09	0.29	0.16	0.18	0.41
0.43	0.28	-0.38	-1.17	-0.81	-0.93	-1.18	-1.43	-1.6	-1.48	-1.13	-1.33
-0.93	-0.95	-1.06	-1.22	-1.28	-1.18	-1.15	-1.35	-1.43	-2.31	-2.45	-2.03
-1.2	-0.99	-0.83	-0.97	-0.8	-0.92	-1.06	-1.17	-0.98	-0.97	-1.14	-0.89
-0.51	-0.22	0.18	0.41	0.62	0.63	0.87	0.84	0.72	0.7	0.92	1.3
1.78	1.49	0.98	0.46	0.38	0.26	0.03	-0.01	-0.32	-0.27	0.05	0.02
0.53	0.43	0.19	0.06	-0.23	-0.35	-0.86	-0.77	-0.8	-0.48	-0.66	-0.42
-0.28	-0.46	-0.3	-0.33	-0.25	-0.49	-0.41	-0.15	-0.28	-0.49	-0.45	-0.38
-0.31	-0.19	-0.35	-0.46	-0.18	-0.06	-0.41	-0.67	-0.94	-1.01	-0.63	-0.63
-0.59	-0.57	-0.48	-0.69	-0.89	-0.65	-0.53	-0.53	-0.78	-0.75	-0.95	-0.93
-0.78	-0.53	-0.1	-0.03	-0.3	-0.11	0.49	0.62	0.68	0.64	0.77	1.02
0.79	0.38	-0.26	-0.87	-1.12	-1.14	-0.96	-1.26	-1.4	-1.35	-1.44	-1.37
-0.89	-0.56	-0.34	-0.44	0.06	0.36	0.61	1.12	1.29	1.45	1.42	1.36
1.12	0.8	0.93	0.35	-0.38	-0.08	0.04	-0.37	-0.44	-0.5	-0.47	-0.57
-0.67	-0.64	-0.78	-1.08	-0.59	-0.26	-0.33	-0.42	-0.86	-0.74	-0.62	-0.65
-0.85	-1.07	-0.95	-0.72	-0.75	0.15	0.28	0.16	0.01	0.04	0.5	0.67
0.95	1.11	0.54	0.31	0.35	-0.04	-0.21	0.16	0.43	0.62	0.4	0.38
0.28	0.2	-0.14	-0.08	-0.3	-0.69	-1.08	-1.26	-1.07	-1.12	-1.13	-1.33
-1.73	-1.57	-1.36	-1.18	-0.98	-1.13	-1.17	-1.1	-1	-1.24	-1.15	-1.23
-0.92	-0.45	-0.19	0.07	0.38	0.45	0.85	1.09	1.23	1.54	1.9	2.09
1.8	1.2	0.27	-0.58	-0.97	-1.18	-1.54	-1.63	-1.66	-1.98	-2.37	-2.26
-2.09	-1.66	-1.45	-1.36	-1.29	-1.2	-0.9	-0.52	-0.64	-0.94	-1.09	-0.97
-0.45	-0.68	-1.09	-0.96	-1.13	-1.5	-1.39	-1.52	-1.66	-1.83	-1.66	-1.93
-2.01	-1.26	-0.82	-0.93	-0.74	-0.38	-0.16	0.12	0.3	0.75	0.71	0.49
0.78	0.37	0.19	-0.38	-0.21	0.01	0.09	-0.01	0.4	0.63	0.48	0.7
0.62	0.25	-0.2	-0.7	-0.74	-0.71	-0.55	-0.79	-0.71	-0.46	-0.38	-0.06
-0.13	-0.22	-0.02	0.02	-0.25	-0.29	-0.47	-0.1	0.28	0.11	0.29	0.52
0.54	0.22	0.03	-0.07	0.08	0.21	-0.06	-0.38	-0.28	-0.26	-0.1	0.05
-0.36	-0.64	-0.64	-0.53	-0.57	-0.46	-0.64	-0.53	-0.19	-0.3	-0.41	-0.2
0.13	-0.17	0.13	0.21	0.45	0.53	0.37	0.73	1.49	1.99	1.92	2.2
2.35	1.94	1.38	0.95	0.9	0.54	-0.11	-0.27	-0.52	-1.16	-1.29	-1.03
-0.67	-0.19	-0.52	-0.68	-0.73	-0.9	-0.5	-0.24	-0.34	-0.67	-1.19	-1.34
-1.16	-0.72	-0.79	-1.18	-1.03	-0.91	-0.74	-0.56	-0.7	-0.49	-0.37	-0.41
-0.66	-0.71	-0.42	-0.33	-0.53	-0.31	-0.11	0.32	0.53	0.81	1.01	1.12
1.14	1.13	0.98	0.58	0.62	0.92	1.29	1.57	1.65	1.24	1.07	0.94
0.9	0.28	0.1	-0.44	-1.25	-1.74	-1.74	-1.19	-1	-1.9	-2.05	-1.96
-1.97	-1.47	-1.21	-1.08	-0.88	-0.59	-0.57	-0.53	-0.3	-0.4	-0.45	-0.13
0.01	0.21	0.04	0.08	0.08	-0.08	0.09	0.22	0.22	0.21	0.1	0.35
0.49	0.32	0.03	0.19	0.26	0.52	0.76	0.68	0.42	0.86	1.2	1.69
1.84	1.78	1.38	1.2	1.04	0.58	0.22	0.05	-0.06	-0.3	-0.28	-0.15
0.14	0.41	0.39	0.59	0.78	0.35	0.23	0.13	0.35	0.06	0	0.16
0.1	0.06	0.11	0.26	0.31	0.32	0.24	0.53	0.48	0.75	1.11	1.25
1.02	0.73	0.46	0.28	-0.11	-0.14	-0.21	-0.63	-0.84	-0.88	-1.1	-0.95
-0.86	-0.86	-0.61	-0.47	-0.38	-0.44	-0.44	-0.22	-0.45	-0.44	-0.41	-0.64
-0.53	-0.37	-0.25	0.16	0.64	1.09	1.56	1.89	2.13	2.36	2.41	2.29
2.38	2.03	1.34	0.78	0.57	-0.39	-0.99	-1.28	-1.26	-1.46	-1.46	-1.69
-1.69	-1.32	-0.95	-1.11	-1.15	-1.19	-1.17	-1.22	-1.09	-1.23	-1.58	-1.74
-1.77	-1.55	-0.98	-0.87	-0.86	-0.79	-0.67	-0.49	-0.52	-0.7	-0.79	-0.92
-0.73	-0.63	-0.48	-0.49	-0.34	-0.19	-0.04	-0.05	-0.2	-0.14	-0.37	-0.41
-0.15	-0.04	0.01	0.02	0.31	0.72	0.74	0.87	1.09	1.25	1.47	1.37
0.6	0.64	0.36	-0.14	-0.61	-0.29	0.21	0.26	0.27	0.42	0.33	0.43
0.27	0.23	0.12	0.07	0.06	0.13	0.49	0.76	0.81	0.73	0.66	0.74
0.66	0.36	0.45	0.26	0.3	0.04	-0.23	-0.05	-0.04	-0.06	-0.59	-0.92
-0.91	-0.67	-0.71	-0.32	-0.09	0	0.01	0.31	0.6	0.7	0.99	1.14
0.7	0.13	-0.18	-0.32	-0.47	-0.35	-0.59	-0.72	-1.11	-1.39	-1.54	-1.58
-1.68	-1.67	-1.21	-0.99	-0.84	-0.68	-0.3	-0.13	-0.25	-0.35	-0.46	-0.86
-0.89	-0.79	-0.69	-0.35	0.06	0.31	0.48	0.56	0.68	0.89	1.46	1.74
1.52	1.25	0.9	0.38	-0.22	-0.69	-1.07	-1.39	-1.6	-1.69	-1.64	-1.6
-1.54	-1.11	-0.93	-0.77	-0.52	-0.38	-0.43	-0.65	-0.8	-1.05	-1.19	-1.06
-0.87	-0.67	-0.61	-0.5	-0.32	0.02	0.25	0.47	0.38	0.26	0.16	-0.25
-0.53	-0.52	-0.25	-0.25	-0.4	-0.42	-0.39	-0.38	-0.18	-0.2	-0.14	-0.17
-0.49	-0.62	-0.28	0.08	0.32	0.23	-0.06	-0.03	0.29	0.44	0.75	0.71
0.51	0.42	0.47	0.7	0.92	1.18	1.46	1.93	2.21	2.36	2.72	2.66
2.57	2.26	1.62	0.91	0.3	-0.03	-0.48	-0.58	-0.58	-0.74	-0.76	-0.5
-0.43	-0.08	0.03	0.22	0.37	0.34	0.25	-0.16	-0.43	-0.56	-0.97	-0.98
-0.98	-0.78	-0.8	-0.51	-0.2	0.04	0.12	0.09	0.47	0.9	0.9	0.89
0.65	0.71	0.81	0.62	0.55	0.45	0.35	0.04	0.03	0.48	0.52	0.52
0.6	0.37	0.48	0.36	-0.27	-0.34	-0.3	-0.59	-0.83	-1.26	-1.42	-1.15
-1	-1	-0.8	-0.72	-0.46	-0.28	-0.39	-0.53	-0.55	-0.94	-0.94	-1.06
-0.94	-0.89	-0.97	-1.11	-1.11	-0.75	-0.69	-0.97	-1.07	-0.99	-0.9	-0.85
-0.72	-0.46	-0.11	0.14	0.46	0.84	1.02	1.35	1.6	1.72	2.02	2.03
1.81	1.52	1.13	0.77	0.23	0.17	0.04	-0.12	-0.26	-0.27	-0.25	-0.6
-0.74	-0.43	0.01	-0.14	-0.13	-0.07	-0.14	-0.36	-0.47	-0.5	-0.7	-0.66
9											
o Anom	3.4 Ind	ex  usi	ng erss	tv5 fro	m CPC						
s://psl	.noaa.g	ov/data	/climat	eindice	s/list/	for inf	o				