PRISM_LCRB_ppt											
1950 2024											
16.95470047	28.93372536	2.402516842	59.00109863	86.23103333	46.33040619	85.46047974	49.36024857	101.1327896	10.0337019	1.323182225	1.128500581
3.510536671	18.96656418	32.26776505	22.26042557	71.18978882	59.98046875	24.33616257	41.74420166	38.90867233	20.3983593	8.480675697	4.598370552
7.917116165	16.08044243	22.64430428	63.84761429	75.93818665	18.47948265	33.58520889	8.585982323	100.4133911	0.017137054	59.65254974	39.08691406
5.232320309	14.88300896	40.73733521	35.44078827	51.56919861	15.16582966	39.72988892	61.67175293	26.99395752	91.70037842	8.365804672	15.86783791
10.54124737	2.841213703	5.059317112	68.36515808	78.76223755	31.90253258	7.219949722	26.26376915	12.64625835	49.80397034	15.90560722	7.555303574
30.19605064	26.72554398	8.808333397	12.38021469	96.37644196	55.58395004	67.75527191	41.27609253	61.76663208	35.96657944	9.778191566	7.914056778
18.29953575	22.40026093	1.717359662	27.76403046	59.80098724	18.73420334	20.95685387	18.32027817	11.29855061	42.38908768	14.46084309	25.54759407
11.96168327	40.83793259	39.87815094	122.7380371	153.3286438	61.9288559	20.46590233	22.03056908	76.74656677	123.7499695	66.02182007	13.40228558
54.86038589	60.59165955	47.56732941	44.70700455	71.73900604	63.6121521	28.2922802	58.0684433	120.2606277	68.1462326	23.4935627	10.7454195
2.169479609	29.52284622	5.138415337	53.15453339	71.04259491	115.2230225	97.3605957	35.42730331	44.42725372	126.9470749	21.53063011	55.34859467
43.4560051	30.76819992	16.74232101	32.39299011	32.77327347	43.91227341	108.0323105	62.69458389	21.58861923	113.5254517	16.18070984	70.09497833
57.29568863	46.36218643	21.06518555	6.557375431	43.3462944	145.5358124	101.4340439	21.97512245	72.16766357	44.43684006	52.10919571	12.53760338
7.729790211	9.599229813	14.27612114	58.08226013	17.5089035	75.84523773	52.74892807	25.34489632	99.98577118	58.19051361	22.40086555	28.46228981
3.241208315	25.04311371	4.549901009	38.31455612	98.21044922	68.42549133	15.49312878	42.56162643	37.88026428	16.07750702	56.40140915	16.19044685
38.1670723	29.89336014	33.99975204	32.52524567	43.12143707	37.51433563	14.29081059	52.75944138	127.8288345	24.24670982	36.3271637	15.48407078
30.92931175	66.2071228	9.647743225	29.21763992	136.2196808	54.44583511	17.44282913	45.47352982	56.98331833	47.06811523	30.41341019	39.82074738
22.02866745	27.29931259	16.47367096	98.55023193	54.59637833	45.20878983	15.07848454	129.5460663	94.16397095	26.34091377	1.168837905	4.031803608
3.014078856	11.04598904	22.72569084	28.39094925	58.86906433	45.71964645	62.77432632	30.92103386	116.729187	37.98680496	50.10577393	28.26606369
100.3195267	38.47707748	62.0883255	63.9168129	92.6644516	67.09967041	72.57236481	48.44606018	60.42686844	12.56056881	79.10287476	20.97994804
5.8618927	38.5112648	46.69405746	89.179039	99.28782654	50.18437195	25.30323792	72.27472687	90.8184433	132.7758636	40.30514526	47.87792206
9.120150566	48.46974564	71.70067596	27.70017052	87.51249695	36.77534485	11.27148819	33.05602646	93.07011414	38.38959122	0.453083038	5.151473045
0.304169238	16.47094917	1.663914919	45.75994873	45.82025146	44.45049667	70.87513733	164.4677734	116.2092438	81.44509888	16.70502472	37.94030762
15.23634338	6.887433529	8.106170654	26.9829483	101.2386856	68.7089386	46.17489243	116.0185165	93.41443634	74.90245819	24.3550396	5.345886707
58.46591187	54.39609528	49.10650253	57.60794067	32.78223801	80.70016479	97.94496155	16.19030952	92.56783295	97.2633667	8.581103325	3.779524326
20.37651253	6.331707478	19.81836891	33.76866531	78.91200256	27.58215332	18.59214973	174.4182587	181.6110535	117.5256805	41.11716843	34.2053299
17.15655518	47.95359039	8.541481972	39.71696091	137.3339691	58.2338829	89.14234161	50.06206131	66.70363617	33.99084091	38.23816681	19.5343647
3.63478756	5.184454441	20.48752594	89.86095428	58.4016571	43.39900589	139.6294556	31.57489777	95.8416214	104.8916168	22.58827972	22.48833466
26.66566658	16.64105415	44.05148315	111.8847427	44.85198975	58.80987167	22.73321724	37.16957855	17.71546745	39.53348541	30.48611069	4.711806774
19.89247322	39.92829132	10.77769566	19.72805214	74.96659088	66.10083771	22.31454086	86.42033386	107.5287628	29.80887413	61.33649063	14.37356758
31.42441559	35.83700562	64.67797089	42.9434967	63.52449417	90.74880219	77.38715363	71.79779053	18.67167282	13.63398647	10.07173443	56.99019623
26.89463997	19.14400864	21.0882473	21.02222061	111.0775604	48.45742798	6.214864254	37.52907562	210.776062	15.5529213	47.32622147	33.28248978
21.98808861	18.17845726	58.91667175	74.47097778	80.2738266	99.47322083	38.11220551	65.23117065	51.56611633	139.5496063	16.24148369	4.766947746
16.86034393	26.54606247	20.28261757	33.12017441	124.8177643	92.9468689	33.41107559	23.13936043	27.13897133	23.76178932	53.58547974	39.91773605
46.10825348	28.30363274	44.31260681	10.66429901	62.13925171	59.18308258	27.45221138	22.20303154	21.32549667	86.86080933	40.28224945	7.094018936
26.75616646	11.71656704	17.03401756	4.29035759	42.75491333	55.45178223	34.33275986	48.65435028	44.98897171	123.4456406	46.20971298	81.28996277
20.2841053	32.96043396	48.20755386	34.42731857	65.77561951	84.04161835	46.61218262	15.44503689	90.4259491	99.70324707	31.6185112	7.780328274
6.622530937	29.60123253	8.919931412	13.62517166	116.0624084	123.1026459	24.82038689	77.66434479	109.9089127	148.9042511	49.81441498	82.41867828
13.8025074	66.3610611	31.3859005	19.07963181	153.4238586	114.8469772	29.39257813	62.08075714	70.18490601	8.606017113	27.50525284	39.71046066
3.721997976	12.92933178	20.49915504	27.24235344	72.82982635	64.04227448	104.7781525	20.61896515	83.86981201	11.37102795	3.755741596	21.67182541
38.9968338	56.7959404	29.92475128	14.48318672	65.18254852	80.30712128	18.03419304	47.8897438	42.06869888	28.98862457	12.35996437	7.36037302
21.14692879	56.06884766	50.4336853	76.0749588	55.44297028	10.58203983	102.6902466	47.3323822	89.8059082	50.85011673	43.79094696	12.86764431
70.40423584	15.83771515	13.15114307	31.61319542	53.30495453	103.8393555	78.3455658	63.78393936	136.2678986	41.86582184	19.17104721	156.6508484
60.22859955	106.8607864	40.00283432	42.92019653	132.2422333	110.4719772	42.3109169	44.80190659	32.75320053	8.832223892	56.74803925	32.12835693
35.96331787	34.28466415	35.97618484	52.15399933	55.44823837	60.59513474	32.72009659	32.51475906	52.29229355	51.86572266	12.03307438	19.27939415
32.89533997	20.8623085	15.21181107	31.76537704	132.8374176	25.18713379	25.6108017	27.51379395	64.76365662	75.50766754	43.65872574	46.28394318
18.59422302	25.77380371	36.41321182	46.77276611	116.4005051	62.69127655	22.11644936	50.17654419	97.03380585	15.70323467	29.23863029	11.34285259
3.266927242	3.478172064	13.12477589	42.14318466	40.83514786	60.75046921	36.64016342	118.9864273	76.30067444	39.9689827	61.00120163	14.14649296
16.29394722	91.23513794	43.6295929	97.90540314	70.29151154	146.7918854	18.50262833	37.73723984	32.7517662	50.29800034	28.23616791	52.23715973
19.9673214	44.84498215	55.29588318	6.283067226	25.08396339	30.19584656	19.62409592	82.55451965	40.40510559	90.24806213	54.79944611	23.86547089
16.50579071	1.683828712	68.1026001	36.77709961	77.1462326	89.39200592	34.22171783	18.36214638	21.04513359	25.19768906	1.070506334	12.1293993
15.88069916	19.07936859	39.57056427	25.23918724	47.01550674	124.5416718	9.864117622	4.686608791	21.98530388	107.4813614	113.3542786	22.53778076
42.69589615	33.08848953	58.53194046	16.56026459	61.42926788	15.35818195	9.335300446	70.71668243	62.75478745	27.53261185	84.54865265	23.74880028
18.82769012	27.75597	57.36979294	27.62582779	39.59097672	57.72534943	137.699707	37.16444778	55.60475159	144.5827179	27.45518684	53.78984833
10.94185543	48.29224777	30.54832077	15.55113506	48.80268097	121.3872299	36.27170563	56.54821777	76.88546753	65.21588898	20.93681335	4.10299778
41.31046677	55.29152298	55.80859756	95.54207611	30.64142036	128.2901917	62.11268616	94.89407349	74.83312988	104.5990829	169.7922363	14.92184544
31.5340519	58.80688095	49.85261536	8.466817856	98.32236481	31.35743523	69.41497803	118.717804	11.24254322	72.51921082	7.426203251	3.408911467
13.45696926	17.05329132	48.9769249	42.00687027	46.82851028	41.13617325	29.47517204	61.51385498	77.30198669	74.62193298	4.860035896	37.59024048
62.28245163	9.744354248	132.2369843	54.03348541	162.9309387	138.6049042	97.54543304	101.3445435	62.81965637	18.16212654	31.57287216	16.37037468
8.284441948	8.120570183	54.40449905	39.63549423	43.47941589	51.72631454	32.43850708	94.93276978	51.01220322	49.77200317	7.762257576	3.487937689
3.58843565	11.90632915	47.4497757	71.59857178	41.64877319	59.77336884	100.6738129	28.50555038	88.34553528	92.04705811	18.63688087	39.8770256
62.76322556	60.77264404	47.39818954	63.47113419	51.05761337	60.34630585	118.4175491	28.74809647	98.90032959	17.01156616	4.198883533	14.2918272
18.17090416	10.03735065	2.776183367	9.524967194	28.81977081	16.21927071	6.076162815	22.50469589	24.41630936	56.30456924	18.00167084	52.2111969
55.20025253	48.2505455	49.94339371	18.07163429	94.83250427	33.66717529	53.8699913	39.50320435	119.7387085	14.67841148	3.145060539	7.218975544
45.02111053	12.65111732	11.13379669	29.32097626	65.01712036	54.42163849	92.11172485	36.09988785	80.83235168	82.65914154	32.51712418	31.11931038
2.734235048	9.489992142	10.71550465	17.73911858	120.0012207	68.3236084	43.36828613	46.49982452	108.97966	25.6619072	71.17806244	16.58022499
53.89599609	13.59408569	58.07480621	59.76416397	204.1548309	79.47949982	51.46986389	31.65164757	23.78312302	145.798996	74.65869904	47.56760406
7.794454098	19.38583374	56.02043915	103.8871078	125.2018661	92.59629822	21.53731155	116.0041504	109.7491302	11.02112484	83.38246918	32.0631218
49.81957626	44.69760513	24.62252617	58.0180397	44.98026276	71.6653595	51.53012848	130.6573486	67.81919861	17.11431503	17.4397316	27.80552673
3.601408243	33.81402588	32.91525269	10.33945847	58.04046631	48.38389969	44.96297455	68.65441895	151.6846313	219.7133179	22.86657906	66.18959045
18.34305191	7.48816967	25.15063095	90.20977783	118.0745773	85.22795105	31.72519302	27.36671829	37.91405106	39.00862885	40.87540817	20.02724648
37.59904861	41.97168732	97.59296417	33.07492065	69.50298309	34.66072464	36.07821655	18.04816437	94.27854919	9.767412186	10.78170204	22.74151611
41.99916458	15.70725155	23.78180504	44.31362534	125.7431717	109.0266647	92.45238495	79.47039795	26.9161396	69.5916748	15.74121857	4.824934006
8.221565247	18.66138649	10.69319916	10.30550671	35.94081497	43.32835388	17.17936897	82.17965698	38.66740417	64.11906433	64.65826416	16.79986954
16.52856636	20.76779175	15.56048965	33.87069702	116.5635223	44.63129044	24.58270454	12.98096752	73.14289856	103.3012695	20.43300629	35.48700333
41.11155701	27.43625641	33.65538406	40.1256752	110.9672775	48.83722687	84.2937088	26.54161072	103.1138	1.02612412	69.32974243	11.89785671