Inflows_ZRB											
1925 2017											
16452	32688	45642	88643	83185	46106	24883	11147	6812	5381	4943	9253
15129	19419	45556	125249	94141	48322	25111	13270	8417	6465	6114	11160
19390	29729	49349	80052	74379	52177	23743	12313	7779	5796	6722	9953
18285	22734	45123	64950	66664	42239	19030	10798	7624	8411	7402	10601
15028	20968	28023	38459	45458	20364	12415	9462	7287	5941	6400	12762
18503	20970	28725	32751	48122	52819	27767	15309	10561	8309	6684	9942
15620	19084	28833	67257	92033	53800	28005	15669	10400	8248	8727	16486
24523	29831	64049	100176	64520	38979	21663	13988	10067	7873	6030	9594
17976	22663	33524	45984	39072	19946	12575	9102	6444	5446	5465	10571
19774	23927	66547	138720	85213	48139	23629	13721	9340	7130	6806	13823
20408	27190	65214	78524	57763	39250	20787	13201	9623	7942	6268	9550
16088	21666	36754	63107	70354	39604	17705	11648	8065	6685	6584	9998
17088	31962	87526	95756	75450	56500	28300	16001	10794	8492	7801	12227
19275	24018	35584	72108	63303	36114	17879	12239	8905	7561	7463	12670
21437	28319	68570	72528	51932	27546	15282	11468	8745	7503	8430	15796
24916	30719	61844	137035	99343	55256	30237	17232	11181	8662	10243	12329
19114	30950	54574	87470	63898	35299	18179	12159	8878	7042	6797	9607
14968	18264	29179	44869	58883	30148	14555	10366	7427	5974	6661	8946
14510	17415	27060	44951	53143	40644	20190	12378	8600	6349	5696	10251
20464	30539	59576	68740	69429	40259	17842	11196	7755	6162	6282	11401
17151	22950	52755	102455	71603	40350	19630	12832	8807	6870	6611	10919
19850	28881	34756	41008	48567	35457	16951	10793	7603	6215	5792	10095
17530	22225	44214	116405	111480	62246	33827	17935	12029	9523	8595	11581
19867	28135	136650	159105	117054	65565	37358	19610	12485	9687	10758	13170
14449	15333	22304	26807	28191	16159	11795	9388	7170	5573	5124	8539
16538	30365	133501	110871	94867	49950	24380	14378	9543	6923	6283	10390
17970	22522	80079	100642	84366	60374	34635	18401	12228	8979	10266	15578
38695	76881	160504	123919	69996	35225	19581	13778	10089	7968	8910	13596
18314	24670	77238	151899	111637	67023	36074	19041	12274	9442	8798	14509
23376	28550	49376	95387	84285	48350	25611	15689	10996	8037	7267	12262
25843	41948	81275	100550	81161	55441	32251	17759	12225	9255	8839	12678
19416	26146	94214	110431	157733	108846	54872	28338	16331	12085	10915	17298
21154	22594	168923	136436	77697	42986	24816	16267	11502	9767	10256	14561
36479	153551	270323	158155	83568	44843	26348	19345	14842	12285	12434	18913
28794	28163	50525	111574	69319	41386	21869	14571	10237	7522	6660	10758
18578	22438	46127	123392	86165	49042	28557	16003	10914	7879	7569	12360
17266	24265	47057	154766	129657	67577	40118	21781	13714	10015	9386	15174
23414	42348	110236	150464	126928	70984	39697	22775	15240	11650	10014	18166
40181	87527	177004	176828	115682	59271	34309	21491	15393	12693	13214	24048
31308	34828	60903	68398	62142	35448	19972	15068	11556	9427	9533	14312
20819	27160	56877	78123	65276	38840	21095	14630	11101	9336	8370	12979
18922	25649	52965	132818	84564	49583	27423	16790	12522	9919	8750	11471
16268	21542	32599	60625	87823	56393	34686	17582	11989	9176	10779	16982
30327	111763	130261	143266	98790	55472	32176	20431	14470	11320	9890	16926
24098	31573	154591	228312	149637	70170	41040	25705	17444	14805	16243	23461
33253	56514	138281	118592	76188	41957	25221	17953	13582	11279	11324	16412
25502	32073	71110	84902	61124	40398	24500	16630	12577	10343	10214	13862
21240	25297	30414	41574	56184	43636	25660	15859	11644	9679	9682	11754
16321	20237	27763	34798	40075	27038	15528	11682	8660	7456	8028	13177
28293	36352	79246	68695	73761	51800	25397	14605	10647	8107	8182	14234
24372	52124	102942	149719	105622	57281	31804	19060	12182	9577	7914	11597
17977	23500	69403	145258	130934	79534	44272	22783	14631	12916	12459	14508
20813	26675	54128	73351	83115	62065	34089	19416	13696	11062	9264	14288
28319	36588	74007	162973	164215	92028	50446	27810	18288	14849	15598	22205
28286	35899	68307	121506	118388	59791	33001	20454	14840	11637	12715	21101
32116	60325	73398	86468	78499	50796	27595	17954	13168	10490	11083	15884
22391	27932	50324	87153	94286	54934	28051	17519	12616	9533	8461	11461
14984	18414	25350	36029	41434	29642	17739	13065	9882	8663	9568	16023
22384	24688	32274	35172	35011	23320	14820	11450	8768	7161	7832	11418
16960	20719	33389	52816	46226	26666	13961	10308	7789	6659	7374	10980
16607	23008	30847	44660	58078	42354	20334	12689	8991	7045	6589	8567
13205	16842	26918	45436	76264	43191	20610	12784	9338	8640	11651	18275
23285	25208	38473	58739	52081	32694	17327	12660	9366	7898	7156	10909
14305	19719	34515	50217	66064	42829	21308	13008	9528	7788	7934	12251
17963	26275	79728	93213	107605	70236	36442	17479	11415	9083	7943	8235
14470	20712	26564	29723	31433	29902	16618	11320	7993	7008	6321	8825
14877	22208	55871	60881	53128	31610	14580	10339	7659	6185	7321	12543
17494	20289	26821	28215	27784	18557	12082	9105	6709	5140	5685	8002
12481	17775	32554	64537	91560	48832	21528	11460	7661	6083	5642	9552
14468	22154	40238	52648	34485	14279	9900	8036	5924	4614	4457	6379
9895	12403	20616	35869	33250	13414	8726	6816	4835	3580	3604	6626
10554	13569	18671	23512	26994	14348	9177	7066	4996	3658	3558	6164
11395	18665	26974	37011	45096	32536	14383	8983	6268	5194	4787	7398
16105	23923	65556	95517	88031	51029	22659	13637	9125	6600	5444	9111
16694	23833	57525	79192	93895	55094	23057	13105	8487	6308	5918	8535
14265	18532	30131	79549	75582	45632	19960	11492	7855	5339	4353	8560
17575	25674	71584	91674	102029	63429	31394	15779	10564	7439	7347	13120
17355	19969	32932	51154	60069	49227	25338	13434	8924	7036	6075	8741
15473	23185	40143	66390	106246	66658	34110	16214	10165	7162	6257	9208
17229	26247	64672	121515	109547	67135	33712	16262	10349	7519	6488	10351
15509	21640	35325	41349	42898	34049	17410	11559	8289	5525	4951	9534
17412	25680	40981	71066	77008	57162	28225	13993	8893	7082	7429	12205
21662	55623	132857	100930	85808	55125	29495	17093	11583	9019	8218	12909
29295	56396	92933	87567	82047	52849	26492	14391	9968	7001	6815	14347
25155	37182	104103	152093	96267	56136	29155	15860	10264	7769	7733	13736
22532	34416	105465	134728	137036	78211	43910	22576	13613	9311	7529	12173
27964	60490	111459	120545	122798	73493	38167	20454	13279	10019	8563	14442
23932	38479	64447	83982	97218	57726	27122	15708	10709	8262	8131	13408
28507	67586	105866	90023	82282	43731	21526	13381	9497	7286	6806	13120
25972	33104	61394	94812	100928	74916	42816	20497	12421	9057	7905	11302
18002	23710	35515	41915	45473	40899	22012	12949	8567	6600	5539	8436
14494	21324	58271	83172	84043	52084	22794	12865	8650	6363	4998	9185
22007	33755	53903	104243	79822	46727	21776	12355	8034	5835	5749	10015
