aggregated_tx_ens_mean_0.1deg_reg_v31.0e											
1950 2024											
3.483601809	6.97856617	11.92344952	11.92285633	19.55527687	24.76846695	28.01653481	25.0913353	20.13735771	15.35575485	8.122151375	2.856411219
4.283863068	5.547854424	7.617772102	13.09369469	16.42116165	22.23245621	24.40556717	23.54315567	21.38163948	12.8864727	9.73571682	5.236438274
3.042302608	5.805713177	10.4194994	15.73575401	19.09914398	24.04099655	27.10238647	24.48139	18.28964424	13.62703609	7.70589304	4.399767876
2.076663017	5.015368938	11.66087914	14.61494923	20.14399529	19.55063057	24.32216835	23.63005447	20.13803101	14.75405312	9.423010826	6.430502415
1.263236761	2.683453321	9.494660378	12.20410347	16.77179909	21.92251968	22.47764587	21.97023964	21.05732346	14.88437843	8.789877892	6.69573307
5.112082481	5.059855938	7.55123806	14.62885857	17.69415283	21.25783157	24.25203133	22.43173409	19.65067482	14.01853943	8.054182053	5.397200108
3.689215899	-1.103335381	7.703727245	10.84065342	18.83546829	20.04300117	23.98849297	23.67397499	20.57967758	14.20911598	6.732546806	4.562502861
3.511411428	6.864487648	11.7276783	12.68523979	14.91819	21.4402504	24.5079422	22.95136833	19.9048214	15.14217567	9.192867279	3.718290567
3.634382725	7.540875912	6.43086338	10.24071407	20.16439819	21.03064156	24.79548073	24.96020126	21.60085869	14.75590992	9.145442009	4.204238892
3.723100424	8.203252792	10.59749222	13.72912884	17.60439301	22.11915398	25.62452507	22.89677429	19.57862854	13.78377533	7.928962231	4.924859524
2.847568035	4.635281563	8.718653679	13.51430988	18.62515259	22.21082878	21.90770912	22.89972115	17.80577087	12.57153606	8.788058281	4.144325733
1.912304044	9.203223228	13.30116844	15.53856564	17.10697365	22.20915413	23.01246262	24.35591125	23.54525757	15.03047276	7.847614765	4.615005493
4.490563869	5.492907047	5.497448444	12.80059052	16.65292358	20.92939949	23.84855843	26.15671158	20.82938766	15.37239552	6.905486107	2.796839476
0.007609918	1.758124113	7.984059334	13.19561291	17.50053787	20.58941078	24.6580658	22.38702393	19.29776001	15.08836937	9.917510986	2.77182126
2.723923683	6.025775433	7.213636875	13.87095261	19.28522873	23.23636246	25.21198845	23.35700035	20.72085762	12.75744343	8.948698997	4.146942139
3.550199986	4.021786213	8.414913177	12.6942234	17.46282959	21.85310936	23.43222618	22.09613037	17.37971497	14.81972027	7.20467186	4.433288574
1.601282597	7.819921494	9.896539688	14.38495636	18.56932259	23.07276535	22.50789642	21.91132545	20.88571358	15.01346016	5.52850914	3.949921131
2.902023077	5.41553545	11.28021812	12.84069633	18.16281319	20.93284035	25.87295914	23.28077316	19.53512001	16.98296928	9.381591797	4.304840565
3.440959692	5.407444954	10.91305828	14.84349823	16.60985756	20.63991928	23.94402885	21.29638863	19.24695396	15.96877289	8.636318207	2.799371243
3.433710575	2.189071178	8.148094177	12.7753849	19.30721664	20.24135971	24.67941666	22.88451958	19.92300415	17.46255302	8.82292366	2.208651781
3.681758404	4.953495026	6.891002178	12.51032639	16.31013489	22.45057678	24.72204208	23.74154854	22.02185059	15.12373924	10.19747734	3.473514318
3.117491245	6.55279541	5.936999321	14.42563438	17.67631721	20.32331276	25.57020187	25.79156494	19.87759972	16.22267914	8.322924614	6.24771452
3.163761616	5.995686054	10.83605766	12.68382072	17.14218521	20.65046883	23.71957779	22.75649643	15.89830399	13.48965168	8.938578606	4.2815938
3.86654377	5.857771873	9.508263588	11.20713902	18.16823006	22.24663162	23.622715	24.78444672	20.78713417	14.38620472	8.788354874	3.913297892
5.878445625	6.523545742	9.397582054	12.52037621	17.41479492	20.76167679	24.78026581	25.52677345	19.59732246	9.888537407	7.562963009	6.773785114
5.990205765	6.992446899	7.788374901	14.00267982	17.38167191	20.38504791	25.02771759	23.17846107	20.74524879	14.26181793	7.186184406	4.936353683
5.020875454	6.486250401	8.225601196	13.38884449	19.57200241	23.94323158	24.96603775	21.12116241	17.29646683	13.79961967	8.086354256	3.60782671
2.916413069	6.567955017	11.20562744	12.7630043	15.76869297	20.51382256	23.15357399	21.2245369	18.79828644	15.20462132	8.46691227	4.786601543
4.070267677	3.223937988	9.83367157	10.67820549	15.36512852	20.60141945	23.0501442	22.84805679	21.43268776	15.40499115	9.087406158	3.87604785
1.520475268	5.278298855	9.269061089	11.38914013	18.5697422	23.00108147	23.98744774	22.85101318	19.77897644	13.66411209	8.023942947	5.782191753
2.218233109	7.205366611	8.470939636	11.86339951	14.85584164	20.08244896	22.56775856	24.81905365	21.46696854	14.10984993	6.650414944	4.003896236
3.752187729	4.992500782	10.92302227	14.22687054	16.69831276	22.09315491	22.69882011	23.97492981	19.17226601	13.78271198	8.925091743	3.4441607
4.011298656	4.466415405	8.299419403	13.15099525	18.45895386	23.13755035	25.79186058	23.20682716	21.7070179	13.12747574	8.792673111	5.341071606
6.774848461	3.124585867	10.16773129	12.490592	16.10539436	21.94099617	27.78548241	23.74023628	21.15078926	15.921731	9.001719475	4.959512711
3.590467215	3.785382986	7.703483582	12.54560566	13.03810787	20.89743233	25.30915451	22.35632515	18.38236237	14.6031723	9.112103462	5.121361256
-0.692140579	4.358417511	7.163283825	13.55416203	16.61224747	20.78072548	25.95933151	24.70618057	22.96891022	16.26283646	5.835548401	6.103421211
2.869509697	1.113183379	8.221622467	10.80538273	20.19006157	21.76296043	23.73532104	24.04758072	20.16044426	16.53812027	9.221495628	5.199021816
2.330398798	4.331745625	6.498095512	14.01581573	16.47094345	20.73626709	24.85478592	23.9648037	23.05019188	13.8741293	8.979235649	6.037232399
5.092606068	6.684701443	9.56317234	13.39548206	17.62346458	20.47033882	25.32678604	25.1214695	20.73638153	15.96131706	7.217797279	5.982828617
6.002996445	8.555544853	12.83024597	11.62430191	19.23326111	21.45641899	24.52690125	24.57420731	19.3362751	15.55686092	8.142433167	5.418732643
5.136294842	10.04393673	13.22967243	12.16631603	19.83786011	21.67681694	25.5844841	25.10427475	20.48908043	15.08560467	8.157745361	2.757293224
4.410729885	4.194180012	11.32581234	12.32681179	15.38432121	21.37890816	26.82072258	26.64403915	22.00863457	13.07132053	7.90369606	5.232313156
4.471576214	7.276036263	10.8825798	13.19380665	19.76617432	19.89642143	24.52459908	26.76353073	20.40103149	12.13286781	10.27664089	4.853354454
5.879246712	7.218555927	9.74626255	13.48436642	19.47377968	23.40656662	23.76149559	25.92390251	18.57624245	13.10328007	7.043896198	5.948147774
6.097025394	4.791447163	14.35484505	12.57932663	18.21567154	22.21677589	26.83927345	26.62885475	18.95557213	13.96212864	10.77944946	6.106780529
4.078809261	7.902755737	9.234203339	14.35322571	17.9672699	20.29404068	26.5555954	23.27478981	17.91889954	17.16408157	8.682830811	4.188645363
4.034126759	3.99937129	8.00112915	14.37238693	18.57529068	23.81916618	23.61830139	22.95435524	17.21364784	14.26525974	9.048586845	4.730079651
5.335200787	8.901597977	14.57063198	14.43946743	19.44094467	21.02170181	24.17612839	24.94719315	22.83355522	15.81297112	8.82336998	5.058023453
5.197408199	10.89916515	11.52077579	12.51816273	19.26566315	23.4888401	26.040802	26.34320068	19.69223595	14.826087	7.590293407	4.70174408
5.944107533	6.6214571	10.8866663	14.17458439	19.84103203	22.34144783	25.63524437	24.36040878	21.29304504	15.04928207	7.959772587	4.513671875
5.204479218	8.687804222	12.01920891	13.9431963	20.42526627	24.18308449	23.57835007	26.15662575	21.84296227	14.68771362	8.482378006	6.188629627
4.284181595	8.37887001	11.33053112	13.35589409	20.50272369	23.29763222	25.51200867	26.83559227	18.34092522	18.09944916	9.114809036	4.478135586
5.811239243	8.356060028	13.04999447	13.71351814	18.05160904	24.70014763	24.43350983	23.41846848	19.16020203	15.52836895	10.1868906	5.768667221
4.766509533	4.778115273	12.79607868	13.72211552	21.40808105	27.90429497	27.26096153	29.57516479	21.02525902	12.74228287	9.393922806	6.017391682
3.977072239	6.831389904	9.268572807	13.69945431	17.45920181	23.75396347	25.28021812	25.32870865	21.83453178	15.65522957	10.12050056	6.577981472
5.190751553	4.446799755	10.71139717	13.35798359	20.37056923	24.67847061	25.85353661	23.39373589	20.69445992	14.94569397	8.21421051	3.55887413
3.423188448	5.463862896	9.222362518	15.23915195	19.40447807	24.67082977	28.54187965	22.97105026	22.54471779	17.52973175	11.51345444	7.235832214
8.039778709	9.246453285	11.79269886	18.95827866	20.51096725	22.97974396	26.5151577	24.3367157	20.63570404	15.76539135	9.413423538	5.614752293
6.462893963	8.850548744	11.1481142	13.47097683	18.86222458	23.03244972	25.44338799	26.00896454	19.8757	16.72206688	9.060305595	4.512877464
3.242091656	6.373425484	11.09311295	14.77784634	22.18076897	23.85926819	26.2856102	27.22988319	22.10155106	15.77953243	9.868268013	3.827789545
2.164629459	5.00365591	9.086215973	15.08926678	17.59038353	22.91419029	27.31733704	24.09167671	20.06910706	13.69469357	8.446782112	2.642205
3.994678259	8.139259338	10.79367733	18.31012917	21.58193398	22.59918976	23.90834427	27.09665108	24.05536079	16.44722557	10.34283924	6.663934708
5.649769783	4.622832775	15.32037735	13.36025906	19.49314117	24.79914093	26.8849411	27.99204826	21.1432724	15.92650414	10.60833549	4.339807034
5.18864727	4.46184063	8.07232666	14.48999786	16.91456032	23.08600616	27.07663918	25.94679451	21.83614349	15.23224545	9.509587288	7.154279709
5.949672222	7.231704235	13.13302803	16.35524559	18.92162514	23.90250778	23.75683212	23.23954391	21.29851151	17.28936577	11.30949879	6.730139256
6.871682644	6.414265633	11.66717052	16.27230835	20.38939667	24.73617744	29.61218071	26.09421349	20.23853683	14.90184593	12.3855896	8.20541954
5.918131351	8.140860558	10.94540882	16.03055954	18.24316025	23.23059845	27.10004234	25.96789742	23.43583107	14.61806011	9.324119568	7.624107361
4.035223961	8.116971016	14.56067181	16.46055222	20.47466469	26.35858345	27.18913841	27.92090225	19.85566139	18.40692329	9.410868645	4.989818573
7.207947731	3.829088926	7.983307362	16.87771988	19.55867767	24.11710358	26.9953022	26.82740974	23.29354858	17.32257652	9.939379692	6.799732208
5.116600513	10.45557404	13.39231205	13.82892227	15.9553299	26.15098	27.30736351	26.42609024	21.84554482	17.00844002	9.005203247	7.477674961
7.133475304	10.79161453	10.60843182	16.74604416	20.18131256	22.42790794	26.1871109	26.40271187	22.12360954	14.22465611	11.41732788	4.816115379
4.006439209	9.007112503	11.73056412	12.95786858	17.47992706	25.28417206	25.94681168	25.46711922	22.53669167	15.4797411	9.490087509	6.283278465
7.314964771	10.04501152	11.01025295	14.87210941	21.73420143	26.67095375	29.46088791	27.24507141	21.16942978	19.58263588	11.07052326	5.973840237
6.124653816	9.441644669	12.90167046	14.67743397	18.61486816	24.32306099	27.15317345	27.05631256	23.62533188	18.81391716	10.50643253	8.137917519
7.040763855	10.56477833	11.54238224	15.27075577	18.03313065	22.90374565	27.50942421	28.60611916	20.12629509	16.01280594	10.76032066	7.090956211